WEEKLY NOWCAST — ACCURACY TABLES
error in BEA percentage points (nowcast - realised)

distance : RMSE, MAE, Bias.  RMSE_rel_ar2 < 1 beats the AR(2) benchmark.
direction: MDA     = gets the direction of change vs the last published GDP
           SignAcc = gets the sign of growth (expansion vs contraction)
           0.50 = coin toss, 1.00 = always right; n_dir = judgeable rows

TWO SAMPLES, SIDE BY SIDE — READ THEM AS A PAIR
  n     / RMSE     / MDA       every point THAT method scored
  n_com / RMSE_com / MDA_com   only the (quarter, week) points scored by
                               EVERY method in this table
Only the `_com` columns compare across rows.  The free columns can differ
in sample size — a method that starts later, or stops at week 13 instead
of 17, is averaged over a different set of targets — so a row with a
smaller `n` may look better for reasons that have nothing to do with the
model.  The gap between RMSE and RMSE_com measures exactly that.

READING ACROSS WINDOWS: raw RMSE is NOT comparable between periods — a
harder period raises it for everyone.  Compare methods WITHIN a window,
or use RMSE_rel_ar2, which divides by the benchmark of that same period.

family: bvar

====================================================================================
2007-2019
====================================================================================
   window 2007-01-01 .. 2019-12-31
   data   2007-01-05 .. 2019-12-27   (54 target quarters, 100% of the window)
       metodo    n  n_com   RMSE RMSE_com RMSE_rel_ar2    MAE    Bias   corr   MDA MDA_com  n_dir SignAcc
      bbvar/- 1559   1559 2.3777   2.3777        0.926 1.6778 +0.6692 +0.408 0.722   0.722   1547   0.861
cbvar/authors 1559   1559 2.3385   2.3385        0.910 1.7074 +0.1560 +0.391 0.694   0.694   1547   0.841
      lbvar/- 1559   1559 2.5124   2.5124        0.978 1.7802 +0.0133 +0.309 0.708   0.708   1547   0.831
      qbvar/- 1559   1559 2.5442   2.5442        0.991 1.8620 +0.3217 +0.256 0.655   0.655   1547   0.835
          ar2 1559   1559 2.5684   2.5684        1.000 1.7287 +0.5019 +0.182 0.730   0.730   1547   0.841
         mean 1559   1559 2.7144   2.7144        1.057 1.7541 +0.9602 -0.396 0.751   0.751   1547   0.838

====================================================================================
2007-2021
====================================================================================
   window 2007-01-01 .. 2021-12-31
   data   2007-01-05 .. 2021-12-31   (62 target quarters, 100% of the window)
       metodo    n  n_com   RMSE RMSE_com RMSE_rel_ar2    MAE    Bias   corr   MDA MDA_com  n_dir SignAcc
      bbvar/- 1771   1771 5.5870   5.5870        0.939 2.6677 +0.2815 +0.275 0.702   0.702   1759   0.824
cbvar/authors 1771   1771 5.7943   5.7943        0.974 2.8133 -0.2249 +0.190 0.681   0.681   1759   0.790
      lbvar/- 1771   1771 5.5565   5.5565        0.934 2.7871 -0.4276 +0.348 0.694   0.694   1759   0.794
      qbvar/- 1771   1771 6.0678   6.0678        1.020 3.0287 +0.1135 +0.056 0.641   0.641   1759   0.784
          ar2 1771   1771 5.9479   5.9479        1.000 2.8205 +0.4462 +0.014 0.703   0.703   1759   0.816
         mean 1771   1771 5.8187   5.8187        0.978 2.6963 +0.9390 -0.177 0.734   0.734   1759   0.823

====================================================================================
2007-2025
====================================================================================
   window 2007-01-01 .. 2025-12-31
   data   2007-01-05 .. 2025-12-26   (78 target quarters, 100% of the window)
       metodo    n  n_com   RMSE RMSE_com RMSE_rel_ar2    MAE    Bias   corr   MDA MDA_com  n_dir SignAcc
      bbvar/- 2247   2247 5.0670   5.0670        0.950 2.5040 -0.0085 +0.259 0.698   0.698   2235   0.815
cbvar/authors 2247   2247 5.2806   5.2806        0.990 2.6855 -0.5042 +0.179 0.683   0.683   2235   0.778
      lbvar/- 2247   2247 5.1537   5.1537        0.966 2.7604 -0.7446 +0.324 0.689   0.689   2235   0.757
      qbvar/- 2247   2247 5.5246   5.5246        1.036 2.8761 -0.2820 +0.049 0.646   0.646   2235   0.763
          ar2 2247   2247 5.3334   5.3334        1.000 2.4949 +0.3959 +0.019 0.723   0.723   2235   0.834
         mean 2247   2247 5.2209   5.2209        0.979 2.4005 +0.7844 -0.183 0.748   0.748   2235   0.840

====================================================================================
2007-2010
====================================================================================
   window 2007-01-01 .. 2010-12-31
   data   2007-01-05 .. 2010-12-31   (18 target quarters, 100% of the window)
       metodo   n  n_com   RMSE RMSE_com RMSE_rel_ar2    MAE    Bias   corr   MDA MDA_com  n_dir SignAcc
      bbvar/- 482    482 3.0440   3.0440        0.839 2.1666 +0.9559 +0.484 0.730   0.730    470   0.734
cbvar/authors 482    482 2.9796   2.9796        0.821 2.2437 +0.1868 +0.447 0.713   0.713    470   0.693
      lbvar/- 482    482 3.4408   3.4408        0.948 2.5613 +0.0851 +0.264 0.747   0.747    470   0.656
      qbvar/- 482    482 3.2651   3.2651        0.900 2.4227 +0.5218 +0.317 0.651   0.651    470   0.670
          ar2 482    482 3.6281   3.6281        1.000 2.4162 +1.2141 +0.191 0.723   0.723    470   0.670
         mean 482    482 4.0901   4.0901        1.127 2.7520 +2.3584 -0.254 0.717   0.717    470   0.660

====================================================================================
2019-2021
====================================================================================
   window 2019-01-01 .. 2021-12-31
   data   2019-01-04 .. 2021-12-31   (14 target quarters, 100% of the window)
       metodo   n  n_com    RMSE RMSE_com RMSE_rel_ar2    MAE    Bias   corr   MDA MDA_com  n_dir SignAcc
      bbvar/- 332    332 11.9856  11.9856        0.944 7.1050 -1.6473 +0.261 0.572   0.572    332   0.678
cbvar/authors 332    332 12.5290  12.5290        0.987 7.7931 -2.0599 +0.147 0.572   0.572    332   0.587
      lbvar/- 332    332 11.7794  11.7794        0.928 7.2848 -2.3294 +0.369 0.587   0.587    332   0.657
      qbvar/- 332    332 13.0165  13.0165        1.026 8.1836 -1.0002 -0.002 0.548   0.548    332   0.587
          ar2 332    332 12.6927  12.6927        1.000 7.6314 +0.0702 -0.047 0.554   0.554    332   0.726
         mean 332    332 12.2030  12.2030        0.961 6.7478 +0.5770 -0.260 0.699   0.699    332   0.777

====================================================================================
2024-2025
====================================================================================
   window 2024-01-01 .. 2025-12-31
   data   2024-01-05 .. 2025-12-26   (10 target quarters, 99% of the window)
       metodo   n  n_com   RMSE RMSE_com RMSE_rel_ar2    MAE    Bias   corr   MDA MDA_com  n_dir SignAcc
      bbvar/- 240    240 2.0131   2.0131        1.187 1.6160 -0.5110 +0.031 0.767   0.767    240   0.842
cbvar/authors 240    240 1.9171   1.9171        1.130 1.6129 -0.6831 +0.122 0.775   0.775    240   0.867
      lbvar/- 240    240 2.0369   2.0369        1.201 1.7125 -0.4245 +0.155 0.796   0.796    240   0.821
      qbvar/- 240    240 2.0846   2.0846        1.229 1.7654 -0.9170 +0.017 0.754   0.754    240   0.812
          ar2 240    240 1.6958   1.6958        1.000 1.4574 +0.3131 +0.133 0.821   0.821    240   0.875
         mean 240    240 1.7105   1.7105        1.009 1.4887 +0.3102 -0.320 0.821   0.821    240   0.875

====================================================================================
BY PHASE OF THE QUARTER  (forecast / nowcast M1-M2-M3 / backcast)
the table version of the RMSE-by-horizon figure
====================================================================================

--- 2007-2019 ---
       metodo       fase   n  n_com   RMSE RMSE_com RMSE_rel_ar2    MAE    Bias   corr   MDA MDA_com  n_dir SignAcc
      bbvar/-   forecast 678    678 2.7868   2.7868        0.997 1.9900 +0.8055 +0.137 0.706   0.706    674   0.813
      bbvar/- nowcast M1 208    208 2.3411   2.3411        0.938 1.6959 +0.6727 +0.349 0.711   0.711    204   0.856
      bbvar/- nowcast M2 260    260 2.0505   2.0505        0.876 1.4685 +0.6882 +0.588 0.719   0.719    260   0.888
      bbvar/- nowcast M3 208    208 1.8439   1.8439        0.788 1.3208 +0.4717 +0.666 0.740   0.740    208   0.928
      bbvar/-   backcast 205    205 1.7223   1.7223        0.733 1.2543 +0.3909 +0.716 0.771   0.771    201   0.922
cbvar/authors   forecast 678    678 2.7523   2.7523        0.985 2.0548 +0.2489 +0.132 0.636   0.636    674   0.785
cbvar/authors nowcast M1 208    208 2.4104   2.4104        0.966 1.8194 +0.1790 +0.238 0.681   0.681    204   0.803
cbvar/authors nowcast M2 260    260 2.0659   2.0659        0.883 1.4897 +0.0964 +0.507 0.692   0.692    260   0.896
cbvar/authors nowcast M3 208    208 1.6713   1.6713        0.714 1.2570 +0.0452 +0.714 0.793   0.793    208   0.923
cbvar/authors   backcast 205    205 1.5464   1.5464        0.658 1.1784 +0.0133 +0.768 0.801   0.801    201   0.912
      lbvar/-   forecast 678    678 2.9778   2.9778        1.066 2.1491 -0.0341 +0.012 0.675   0.675    674   0.757
      lbvar/- nowcast M1 208    208 2.4030   2.4030        0.963 1.7683 -0.0500 +0.273 0.716   0.716    204   0.827
      lbvar/- nowcast M2 260    260 2.1774   2.1774        0.930 1.4809 +0.0873 +0.474 0.746   0.746    260   0.873
      lbvar/- nowcast M3 208    208 1.8482   1.8482        0.790 1.3459 +0.0836 +0.641 0.745   0.745    208   0.928
      lbvar/-   backcast 205    205 1.8273   1.8273        0.778 1.3921 +0.0689 +0.674 0.726   0.726    201   0.927
      qbvar/-   forecast 678    678 2.8231   2.8231        1.010 2.1097 +0.3179 +0.100 0.619   0.619    674   0.794
      qbvar/- nowcast M1 208    208 2.5055   2.5055        1.004 1.8441 +0.3189 +0.175 0.657   0.657    204   0.808
      qbvar/- nowcast M2 260    260 2.4190   2.4190        1.033 1.7441 +0.3040 +0.273 0.673   0.673    260   0.865
      qbvar/- nowcast M3 208    208 2.3661   2.3661        1.011 1.7279 +0.3653 +0.345 0.663   0.663    208   0.870
      qbvar/-   backcast 205    205 1.8430   1.8430        0.784 1.3469 +0.3151 +0.660 0.741   0.741    201   0.922
          ar2   forecast 678    678 2.7939   2.7939        1.000 1.8319 +0.6521 +0.041 0.757   0.757    674   0.814
          ar2 nowcast M1 208    208 2.4960   2.4960        1.000 1.6543 +0.4609 +0.160 0.765   0.765    204   0.846
          ar2 nowcast M2 260    260 2.3407   2.3407        1.000 1.6430 +0.3800 +0.319 0.692   0.692    260   0.865
          ar2 nowcast M3 208    208 2.3407   2.3407        1.000 1.6430 +0.3800 +0.319 0.692   0.692    208   0.865
          ar2   backcast 205    205 2.3496   2.3496        1.000 1.6590 +0.3246 +0.317 0.692   0.692    201   0.868
         mean   forecast 678    678 2.8341   2.8341        1.014 1.8234 +1.0320 -0.396 0.795   0.795    674   0.826
         mean nowcast M1 208    208 2.6283   2.6283        1.053 1.7054 +0.9156 -0.448 0.799   0.799    204   0.846
         mean nowcast M2 260    260 2.6138   2.6138        1.117 1.6975 +0.9062 -0.398 0.692   0.692    260   0.846
         mean nowcast M3 208    208 2.6138   2.6138        1.117 1.6975 +0.9062 -0.398 0.692   0.692    208   0.846
         mean   backcast 205    205 2.6197   2.6197        1.115 1.7032 +0.8915 -0.341 0.692   0.692    201   0.849

--- 2007-2021 ---
       metodo       fase   n  n_com   RMSE RMSE_com RMSE_rel_ar2    MAE    Bias   corr   MDA MDA_com  n_dir SignAcc
      bbvar/-   forecast 770    770 7.1610   7.1610        1.083 3.4115 +0.1256 -0.294 0.692   0.692    766   0.762
      bbvar/- nowcast M1 236    236 6.5192   6.5192        0.982 3.0875 +0.2530 -0.006 0.707   0.707    232   0.809
      bbvar/- nowcast M2 295    295 3.1303   3.1303        0.635 1.9518 +0.5888 +0.760 0.681   0.681    295   0.868
      bbvar/- nowcast M3 236    236 2.6302   2.6302        0.534 1.7818 +0.3665 +0.847 0.703   0.703    236   0.907
      bbvar/-   backcast 234    234 2.3043   2.3043        0.468 1.5930 +0.3498 +0.891 0.757   0.757    230   0.906
cbvar/authors   forecast 770    770 7.1221   7.1221        1.077 3.4623 -0.3519 -0.241 0.631   0.631    766   0.736
cbvar/authors nowcast M1 236    236 7.3843   7.3843        1.112 3.5227 -0.4845 -0.361 0.672   0.672    232   0.716
cbvar/authors nowcast M2 295    295 3.7678   3.7678        0.764 2.2903 -0.0700 +0.600 0.661   0.661    295   0.841
cbvar/authors nowcast M3 236    236 2.8610   2.8610        0.580 1.8380 -0.1112 +0.802 0.767   0.767    236   0.873
cbvar/authors   backcast 234    234 2.4582   2.4582        0.500 1.6048 +0.1448 +0.868 0.796   0.796    230   0.893
      lbvar/-   forecast 770    770 7.2782   7.2782        1.101 3.6346 -0.7110 -0.226 0.666   0.666    766   0.713
      lbvar/- nowcast M1 236    236 5.7188   5.7188        0.861 3.1090 -0.4358 +0.446 0.716   0.716    232   0.780
      lbvar/- nowcast M2 295    295 3.5034   3.5034        0.711 2.1333 -0.2863 +0.732 0.708   0.708    295   0.831
      lbvar/- nowcast M3 236    236 2.5077   2.5077        0.509 1.7096 -0.1236 +0.848 0.716   0.716    236   0.894
      lbvar/-   backcast 234    234 2.1366   2.1366        0.434 1.5842 +0.0288 +0.891 0.722   0.722    230   0.927
      qbvar/-   forecast 770    770 6.5250   6.5250        0.987 3.2736 +0.0412 +0.032 0.621   0.621    766   0.769
      qbvar/- nowcast M1 236    236 7.4906   7.4906        1.128 3.3839 -0.1505 -0.371 0.647   0.647    232   0.746
      qbvar/- nowcast M2 295    295 5.6834   5.6834        1.153 3.0491 +0.2796 -0.116 0.627   0.627    295   0.776
      qbvar/- nowcast M3 236    236 5.5153   5.5153        1.119 2.9816 +0.1804 -0.096 0.619   0.619    236   0.775
      qbvar/-   backcast 234    234 3.2509   3.2509        0.661 1.8863 +0.3408 +0.728 0.743   0.743    230   0.893
          ar2   forecast 770    770 6.6135   6.6135        1.000 3.0256 +0.4544 -0.071 0.745   0.745    766   0.796
          ar2 nowcast M1 236    236 6.6396   6.6396        1.000 2.9537 +0.4145 -0.058 0.741   0.741    232   0.831
          ar2 nowcast M2 295    295 4.9296   4.9296        1.000 2.5827 +0.4416 +0.103 0.644   0.644    295   0.831
          ar2 nowcast M3 236    236 4.9296   4.9296        1.000 2.5827 +0.4416 +0.103 0.644   0.644    236   0.831
          ar2   backcast 234    234 4.9212   4.9212        1.000 2.5511 +0.4619 +0.101 0.657   0.657    230   0.833
         mean   forecast 770    770 6.4425   6.4425        0.974 2.9421 +0.7398 -0.206 0.786   0.786    766   0.812
         mean nowcast M1 236    236 6.4424   6.4424        0.970 2.9172 +0.6978 -0.218 0.789   0.789    232   0.831
         mean nowcast M2 295    295 4.8818   4.8818        0.990 2.3964 +1.2014 -0.139 0.661   0.661    295   0.831
         mean nowcast M3 236    236 4.8818   4.8818        0.990 2.3964 +1.2014 -0.139 0.661   0.661    236   0.831
         mean   backcast 234    234 4.8709   4.8709        0.990 2.3450 +1.2423 -0.102 0.674   0.674    230   0.833

--- 2007-2025 ---
       metodo       fase   n  n_com   RMSE RMSE_com RMSE_rel_ar2    MAE    Bias   corr   MDA MDA_com  n_dir SignAcc
      bbvar/-   forecast 978    978 6.4424   6.4424        1.091 3.0986 -0.1985 -0.268 0.684   0.684    974   0.759
      bbvar/- nowcast M1 300    300 5.9027   5.9027        0.993 2.8883 -0.0959 -0.001 0.686   0.686    296   0.793
      bbvar/- nowcast M2 375    375 2.9774   2.9774        0.671 1.9522 +0.3112 +0.719 0.685   0.685    375   0.853
      bbvar/- nowcast M3 300    300 2.4982   2.4982        0.563 1.7601 +0.1733 +0.822 0.710   0.710    300   0.890
      bbvar/-   backcast 294    294 2.2204   2.2204        0.496 1.5963 +0.1194 +0.871 0.766   0.766    290   0.898
cbvar/authors   forecast 978    978 6.4602   6.4602        1.094 3.2550 -0.7257 -0.222 0.631   0.631    974   0.716
cbvar/authors nowcast M1 300    300 6.6786   6.6786        1.124 3.3219 -0.8102 -0.293 0.666   0.666    296   0.703
cbvar/authors nowcast M2 375    375 3.4980   3.4980        0.788 2.2127 -0.2997 +0.575 0.675   0.675    375   0.840
cbvar/authors nowcast M3 300    300 2.6949   2.6949        0.607 1.7997 -0.2099 +0.781 0.770   0.770    300   0.873
cbvar/authors   backcast 294    294 2.3986   2.3986        0.536 1.6486 -0.0167 +0.843 0.793   0.793    290   0.888
      lbvar/-   forecast 978    978 6.6609   6.6609        1.128 3.4835 -1.0304 -0.199 0.660   0.660    974   0.669
      lbvar/- nowcast M1 300    300 5.3972   5.3972        0.908 3.1677 -0.9520 +0.380 0.706   0.706    296   0.740
      lbvar/- nowcast M2 375    375 3.4280   3.4280        0.772 2.2486 -0.5661 +0.696 0.699   0.699    375   0.789
      lbvar/- nowcast M3 300    300 2.4534   2.4534        0.552 1.7461 -0.3496 +0.825 0.713   0.713    300   0.873
      lbvar/-   backcast 294    294 2.1334   2.1334        0.477 1.6267 -0.2133 +0.870 0.731   0.731    290   0.912
      qbvar/-   forecast 978    978 5.9221   5.9221        1.003 3.0653 -0.3663 +0.017 0.627   0.627    974   0.741
      qbvar/- nowcast M1 300    300 6.7809   6.7809        1.141 3.2265 -0.6055 -0.302 0.639   0.639    296   0.720
      qbvar/- nowcast M2 375    375 5.1667   5.1667        1.164 2.8640 -0.1391 -0.103 0.640   0.640    375   0.771
      qbvar/- nowcast M3 300    300 5.0537   5.0537        1.138 2.8564 -0.2234 -0.095 0.633   0.633    300   0.753
      qbvar/-   backcast 294    294 3.0940   3.0940        0.692 1.9246 +0.0866 +0.700 0.734   0.734    290   0.878
          ar2   forecast 978    978 5.9073   5.9073        1.000 2.6328 +0.3883 -0.069 0.756   0.756    974   0.826
          ar2 nowcast M1 300    300 5.9423   5.9423        1.000 2.6176 +0.3985 -0.056 0.760   0.760    296   0.840
          ar2 nowcast M2 375    375 4.4406   4.4406        1.000 2.3139 +0.4211 +0.113 0.680   0.680    375   0.840
          ar2 nowcast M3 300    300 4.4406   4.4406        1.000 2.3139 +0.4211 +0.113 0.680   0.680    300   0.840
          ar2   backcast 294    294 4.4741   4.4741        1.000 2.3267 +0.3606 +0.114 0.679   0.679    290   0.844
         mean   forecast 978    978 5.7563   5.7563        0.974 2.5653 +0.6131 -0.205 0.787   0.787    974   0.838
         mean nowcast M1 300    300 5.7695   5.7695        0.971 2.5884 +0.6234 -0.210 0.797   0.797    296   0.840
         mean nowcast M2 375    375 4.4030   4.4030        0.992 2.1792 +1.0195 -0.156 0.693   0.693    375   0.840
         mean nowcast M3 300    300 4.4030   4.4030        0.992 2.1792 +1.0195 -0.156 0.693   0.693    300   0.840
         mean   backcast 294    294 4.4300   4.4300        0.990 2.1682 +0.9786 -0.134 0.693   0.693    290   0.844

--- 2007-2010 ---
       metodo       fase   n  n_com   RMSE RMSE_com RMSE_rel_ar2    MAE    Bias   corr   MDA MDA_com  n_dir SignAcc
      bbvar/-   forecast 209    209 3.5047   3.5047        0.893 2.6315 +1.2489 +0.223 0.663   0.663    205   0.579
      bbvar/- nowcast M1  64     64 3.0820   3.0820        0.835 2.1840 +0.9624 +0.471 0.683   0.683     60   0.719
      bbvar/- nowcast M2  80     80 2.7157   2.7157        0.825 1.8651 +0.8762 +0.632 0.800   0.800     80   0.825
      bbvar/- nowcast M3  64     64 2.4333   2.4333        0.740 1.6420 +0.5775 +0.694 0.797   0.797     64   0.953
      bbvar/-   backcast  65     65 2.2264   2.2264        0.680 1.5419 +0.4783 +0.756 0.836   0.836     61   0.923
cbvar/authors   forecast 209    209 3.4957   3.4957        0.891 2.7432 +0.4761 +0.137 0.610   0.610    205   0.536
cbvar/authors nowcast M1  64     64 3.1646   3.1646        0.858 2.4685 +0.1999 +0.285 0.667   0.667     60   0.562
cbvar/authors nowcast M2  80     80 2.7280   2.7280        0.829 2.0032 +0.0446 +0.562 0.713   0.713     80   0.850
cbvar/authors nowcast M3  64     64 2.0517   2.0517        0.624 1.5458 -0.1326 +0.791 0.906   0.906     64   0.938
cbvar/authors   backcast  65     65 1.8383   1.8383        0.561 1.3998 -0.2669 +0.836 0.902   0.902     61   0.892
      lbvar/-   forecast 209    209 4.0490   4.0490        1.032 3.2113 +0.4276 -0.031 0.668   0.668    205   0.445
      lbvar/- nowcast M1  64     64 3.4457   3.4457        0.934 2.6628 +0.1942 +0.186 0.733   0.733     60   0.625
      lbvar/- nowcast M2  80     80 3.1232   3.1232        0.949 2.1226 -0.1133 +0.387 0.775   0.775     80   0.775
      lbvar/- nowcast M3  64     64 2.4583   2.4583        0.747 1.6865 -0.2850 +0.670 0.859   0.859     64   0.938
      lbvar/-   backcast  65     65 2.3306   2.3306        0.712 1.7725 -0.5152 +0.730 0.869   0.869     61   0.938
      qbvar/-   forecast 209    209 3.5993   3.5993        0.917 2.7670 +0.6826 +0.132 0.580   0.580    205   0.565
      qbvar/- nowcast M1  64     64 3.1999   3.1999        0.867 2.3957 +0.5398 +0.299 0.633   0.633     60   0.594
      qbvar/- nowcast M2  80     80 3.2006   3.2006        0.973 2.2887 +0.5211 +0.340 0.688   0.688     80   0.750
      qbvar/- nowcast M3  64     64 3.1010   3.1010        0.943 2.2619 +0.3605 +0.383 0.672   0.672     64   0.750
      qbvar/-   backcast  65     65 2.2889   2.2889        0.699 1.6653 +0.1468 +0.725 0.836   0.836     61   0.908
          ar2   forecast 209    209 3.9240   3.9240        1.000 2.6955 +1.4806 +0.006 0.702   0.702    205   0.584
          ar2 nowcast M1  64     64 3.6891   3.6891        1.000 2.3980 +1.1772 +0.119 0.667   0.667     60   0.688
          ar2 nowcast M2  80     80 3.2901   3.2901        1.000 2.1422 +1.0048 +0.370 0.750   0.750     80   0.750
          ar2 nowcast M3  64     64 3.2901   3.2901        1.000 2.1422 +1.0048 +0.370 0.750   0.750     64   0.750
          ar2   backcast  65     65 3.2740   3.2740        1.000 2.1435 +0.8569 +0.365 0.787   0.787     61   0.754
         mean   forecast 209    209 4.1533   4.1533        1.058 2.8377 +2.4506 -0.316 0.702   0.702    205   0.622
         mean nowcast M1  64     64 4.0725   4.0725        1.104 2.7168 +2.3268 -0.322 0.667   0.667     60   0.688
         mean nowcast M2  80     80 4.0418   4.0418        1.228 2.6937 +2.3023 -0.203 0.750   0.750     80   0.688
         mean nowcast M3  64     64 4.0418   4.0418        1.228 2.6937 +2.3023 -0.203 0.750   0.750     64   0.688
         mean   backcast  65     65 4.0087   4.0087        1.224 2.6404 +2.2172 -0.110 0.738   0.738     61   0.692

--- 2019-2021 ---
       metodo       fase   n  n_com    RMSE RMSE_com RMSE_rel_ar2     MAE    Bias   corr   MDA MDA_com  n_dir SignAcc
      bbvar/-   forecast 144    144 15.6564  15.6564        1.096 10.0010 -2.6738 -0.449 0.660   0.660    144   0.521
      bbvar/- nowcast M1  44     44 14.2428  14.2428        0.988  8.9566 -2.2294 -0.099 0.636   0.636     44   0.659
      bbvar/- nowcast M2  55     55  5.7721   5.7721        0.563  3.9324 -0.4470 +0.807 0.436   0.436     55   0.818
      bbvar/- nowcast M3  44     44  4.6600   4.6600        0.455  3.7749 -0.7262 +0.916 0.455   0.455     44   0.841
      bbvar/-   backcast  45     45  3.8938   3.8938        0.386  3.1610 -0.1609 +0.946 0.511   0.511     45   0.867
cbvar/authors   forecast 144    144 15.5611  15.5611        1.089  9.9671 -2.7430 -0.383 0.618   0.618    144   0.514
cbvar/authors nowcast M1  44     44 16.3082  16.3082        1.132 10.7932 -3.9446 -0.557 0.568   0.568     44   0.409
cbvar/authors nowcast M2  55     55  7.5731   7.5731        0.739  5.8111 -1.3928 +0.643 0.455   0.455     55   0.636
cbvar/authors nowcast M3  44     44  5.6469   5.6469        0.551  4.4703 -1.3648 +0.846 0.545   0.545     44   0.682
cbvar/authors   backcast  45     45  4.6831   4.6831        0.465  3.5742 +0.4739 +0.900 0.600   0.600     45   0.844
      lbvar/-   forecast 144    144 15.7704  15.7704        1.104 10.4607 -3.1962 -0.310 0.625   0.625    144   0.521
      lbvar/- nowcast M1  44     44 12.2033  12.2033        0.847  8.7568 -2.4925 +0.513 0.659   0.659     44   0.636
      lbvar/- nowcast M2  55     55  6.6476   6.6476        0.649  4.8656 -2.3327 +0.801 0.527   0.527     55   0.691
      lbvar/- nowcast M3  44     44  4.3009   4.3009        0.420  3.2773 -1.4759 +0.907 0.523   0.523     44   0.773
      lbvar/-   backcast  45     45  3.1834   3.1834        0.316  2.5580 -0.2266 +0.948 0.533   0.533     45   0.956
      qbvar/-   forecast 144    144 14.0200  14.0200        0.981  8.7052 -0.9929 -0.010 0.653   0.653    144   0.646
      qbvar/- nowcast M1  44     44 16.4956  16.4956        1.145  9.8616 -2.7433 -0.492 0.545   0.545     44   0.545
      qbvar/- nowcast M2  55     55 12.1196  12.1196        1.183  8.6192 -0.4457 -0.278 0.364   0.364     55   0.436
      qbvar/- nowcast M3  44     44 11.7368  11.7368        1.145  8.2855 -1.2086 -0.371 0.364   0.364     44   0.409
      qbvar/-   backcast  45     45  6.3826   6.3826        0.633  4.2417 +0.2068 +0.734 0.622   0.622     45   0.800
          ar2   forecast 144    144 14.2849  14.2849        1.000  8.6412 -0.2040 -0.156 0.694   0.694    144   0.694
          ar2 nowcast M1  44     44 14.4101  14.4101        1.000  8.3743 -0.2702 -0.178 0.636   0.636     44   0.818
          ar2 nowcast M2  55     55 10.2461  10.2461        1.000  6.4803 +0.3017 -0.002 0.364   0.364     55   0.727
          ar2 nowcast M3  44     44 10.2461  10.2461        1.000  6.4803 +0.3017 -0.002 0.364   0.364     44   0.727
          ar2   backcast  45     45 10.0802  10.0802        1.000  6.2064 +0.7707 -0.022 0.444   0.444     45   0.733
         mean   forecast 144    144 13.7882  13.7882        0.965  8.1178 -0.4593 -0.334 0.819   0.819    144   0.722
         mean nowcast M1  44     44 13.7990  13.7990        0.958  7.8643 -0.8373 -0.433 0.818   0.818     44   0.818
         mean nowcast M2  55     55  9.7968   9.7968        0.956  5.1055 +1.9083 -0.095 0.545   0.545     55   0.818
         mean nowcast M3  44     44  9.7968   9.7968        0.956  5.1055 +1.9083 -0.095 0.545   0.545     44   0.818
         mean   backcast  45     45  9.6407   9.6407        0.956  4.8853 +2.3471 -0.090 0.533   0.533     45   0.822

--- 2024-2025 ---
       metodo       fase   n  n_com   RMSE RMSE_com RMSE_rel_ar2    MAE    Bias   corr   MDA MDA_com  n_dir SignAcc
      bbvar/-   forecast 104    104 1.9712   1.9712        1.180 1.6236 -0.7744 +0.138 0.779   0.779    104   0.817
      bbvar/- nowcast M1  32     32 2.2915   2.2915        1.286 1.7966 -0.4764 -0.098 0.688   0.688     32   0.844
      bbvar/- nowcast M2  40     40 2.3369   2.3369        1.356 1.7830 -0.3433 -0.267 0.725   0.725     40   0.850
      bbvar/- nowcast M3  32     32 1.7377   1.7377        1.008 1.3783 +0.0085 +0.189 0.781   0.781     32   0.875
      bbvar/-   backcast  32     32 1.6337   1.6337        1.004 1.4399 -0.4189 +0.267 0.844   0.844     32   0.875
cbvar/authors   forecast 104    104 1.8988   1.8988        1.137 1.6741 -1.0227 +0.241 0.779   0.779    104   0.875
cbvar/authors nowcast M1  32     32 2.1848   2.1848        1.226 1.9430 -0.8025 -0.104 0.750   0.750     32   0.844
cbvar/authors nowcast M2  40     40 2.1923   2.1923        1.272 1.7889 -0.5183 -0.178 0.750   0.750     40   0.850
cbvar/authors nowcast M3  32     32 1.6692   1.6692        0.969 1.2121 -0.0370 +0.355 0.750   0.750     32   0.875
cbvar/authors   backcast  32     32 1.5100   1.5100        0.928 1.2645 -0.3117 +0.416 0.844   0.844     32   0.875
      lbvar/-   forecast 104    104 1.8460   1.8460        1.105 1.5874 -0.1782 +0.165 0.817   0.817    104   0.856
      lbvar/- nowcast M1  32     32 2.6134   2.6134        1.467 2.2524 -1.1955 +0.199 0.812   0.812     32   0.750
      lbvar/- nowcast M2  40     40 2.4384   2.4384        1.415 2.0152 -0.4335 -0.009 0.675   0.675     40   0.750
      lbvar/- nowcast M3  32     32 1.6675   1.6675        0.968 1.4298 -0.2595 +0.326 0.844   0.844     32   0.812
      lbvar/-   backcast  32     32 1.7324   1.7324        1.065 1.4837 -0.6077 +0.279 0.812   0.812     32   0.875
      qbvar/-   forecast 104    104 1.7105   1.7105        1.024 1.5116 -0.8392 +0.455 0.788   0.788    104   0.875
      qbvar/- nowcast M1  32     32 2.3637   2.3637        1.326 2.0430 -1.3182 -0.026 0.688   0.688     32   0.656
      qbvar/- nowcast M2  40     40 2.2397   2.2397        1.300 1.8887 -0.9523 -0.161 0.725   0.725     40   0.800
      qbvar/- nowcast M3  32     32 2.4837   2.4837        1.441 2.0600 -0.9560 -0.207 0.750   0.750     32   0.781
      qbvar/-   backcast  32     32 2.2489   2.2489        1.383 1.8639 -0.6856 -0.260 0.750   0.750     32   0.812
          ar2   forecast 104    104 1.6704   1.6704        1.000 1.4243 +0.2693 -0.286 0.875   0.875    104   0.875
          ar2 nowcast M1  32     32 1.7820   1.7820        1.000 1.5860 +0.4265 -0.534 0.875   0.875     32   0.875
          ar2 nowcast M2  40     40 1.7231   1.7231        1.000 1.4845 +0.4357 +0.315 0.750   0.750     40   0.875
          ar2 nowcast M3  32     32 1.7231   1.7231        1.000 1.4845 +0.4357 +0.315 0.750   0.750     32   0.875
          ar2   backcast  32     32 1.6265   1.6265        1.000 1.3750 +0.0659 +0.055 0.750   0.750     32   0.875
         mean   forecast 104    104 1.6665   1.6665        0.998 1.4198 +0.2708 -0.019 0.875   0.875    104   0.875
         mean nowcast M1  32     32 1.7750   1.7750        0.996 1.5785 +0.4270 -0.297 0.875   0.875     32   0.875
         mean nowcast M2  40     40 1.7777   1.7777        1.032 1.5828 +0.4265 -0.635 0.750   0.750     40   0.875
         mean nowcast M3  32     32 1.7777   1.7777        1.032 1.5828 +0.4265 -0.635 0.750   0.750     32   0.875
         mean   backcast  32     32 1.6296   1.6296        1.002 1.4108 +0.0599 -0.602 0.750   0.750     32   0.875
