WEEKLY NOWCAST — ACCURACY TABLES
error in BEA percentage points (nowcast - realised)

distance : RMSE, MAE, Bias.  RMSE_rel_ar2 < 1 beats the AR(2) benchmark.
direction: MDA     = gets the direction of change vs the last published GDP
           SignAcc = gets the sign of growth (expansion vs contraction)
           0.50 = coin toss, 1.00 = always right; n_dir = judgeable rows

TWO SAMPLES, SIDE BY SIDE — READ THEM AS A PAIR
  n     / RMSE     / MDA       every point THAT method scored
  n_com / RMSE_com / MDA_com   only the (quarter, week) points scored by
                               EVERY method in this table
Only the `_com` columns compare across rows.  The free columns can differ
in sample size — a method that starts later, or stops at week 13 instead
of 17, is averaged over a different set of targets — so a row with a
smaller `n` may look better for reasons that have nothing to do with the
model.  The gap between RMSE and RMSE_com measures exactly that.

READING ACROSS WINDOWS: raw RMSE is NOT comparable between periods — a
harder period raises it for everyone.  Compare methods WITHIN a window,
or use RMSE_rel_ar2, which divides by the benchmark of that same period.

family: fed_overlap

====================================================================================
2007-2019
====================================================================================
   window 2007-01-01 .. 2019-12-31
   data   2007-01-05 .. 2019-12-27   (54 target quarters, 100% of the window)
 n_trimestri                           metodo    n  n_com   RMSE RMSE_com RMSE_rel_ar2    MAE    Bias   corr   MDA MDA_com  n_dir SignAcc
          46             fed_overlap/gaussian 1382   1014 2.1150   1.9932        0.835 1.5493 +0.6231 +0.588 0.786   0.793   1378   0.883
          46         fed_overlap/gaussian_ar1 1382   1014 2.2453   2.0821        0.886 1.6156 +0.6528 +0.527 0.776   0.775   1378   0.880
          46            fed_overlap/student_t 1382   1014 2.0850   1.9784        0.823 1.4864 +0.6796 +0.615 0.787   0.791   1378   0.889
          46        fed_overlap/student_t_ar1 1382   1014 2.2064   2.0537        0.871 1.5640 +0.6488 +0.538 0.772   0.784   1378   0.881
          46 fed_overlap/student_t_ar1_shared 1382   1014 2.1936   2.0328        0.866 1.5482 +0.7843 +0.570 0.769   0.778   1378   0.886
          46                            nyfed 1014   1014 2.1879   2.1879        0.864 1.5332 +0.3373 +0.502 0.734   0.734   1014   0.894
          46                              ar2 1382   1014 2.5331   2.4846        1.000 1.7308 +0.3847 +0.224 0.718   0.715   1378   0.852
          46                             mean 1382   1014 2.7150   2.7117        1.072 1.7735 +0.8831 -0.449 0.739   0.733   1378   0.848

====================================================================================
2007-2021
====================================================================================
   window 2007-01-01 .. 2021-12-31
   data   2007-01-05 .. 2021-12-31   (62 target quarters, 100% of the window)
 n_trimestri                           metodo    n  n_com   RMSE RMSE_com RMSE_rel_ar2    MAE    Bias   corr   MDA MDA_com  n_dir SignAcc
          54             fed_overlap/gaussian 1622   1173 5.4206   4.5585        0.673 2.4808 +0.4955 +0.602 0.794   0.797   1618   0.867
          54         fed_overlap/gaussian_ar1 1622   1173 5.6239   4.7746        0.699 2.5977 +0.6227 +0.550 0.782   0.785   1618   0.866
          54            fed_overlap/student_t 1622   1173 5.4468   4.7203        0.677 2.4650 +0.5676 +0.643 0.790   0.788   1618   0.875
          54        fed_overlap/student_t_ar1 1622   1173 5.4254   4.6118        0.674 2.4929 +0.6394 +0.612 0.774   0.786   1618   0.868
          54 fed_overlap/student_t_ar1_shared 1622   1173 5.4158   4.5609        0.673 2.4917 +0.7441 +0.625 0.776   0.784   1618   0.873
          54                            nyfed 1174   1174 4.8425   4.8425        0.601 2.3070 +0.1275 +0.688 0.750   0.750   1174   0.887
          54                              ar2 1622   1173 8.0513   8.2557        1.000 3.4823 -0.1765 -0.298 0.709   0.696   1618   0.808
          54                             mean 1622   1173 6.6893   6.6050        0.831 3.0150 +0.6715 -0.256 0.743   0.729   1618   0.834

====================================================================================
2007-2025
====================================================================================
   window 2007-01-01 .. 2025-12-31
   data   2007-01-05 .. 2025-12-26   (78 target quarters, 100% of the window)
 n_trimestri                           metodo    n  n_com   RMSE RMSE_com RMSE_rel_ar2    MAE    Bias   corr   MDA MDA_com  n_dir SignAcc
          66             fed_overlap/gaussian 1983   1371 4.9931   4.2953        0.681 2.3545 +0.2235 +0.585 0.778   0.785   1979   0.871
          66         fed_overlap/gaussian_ar1 1983   1371 5.1623   4.4970        0.704 2.4356 +0.3411 +0.535 0.767   0.768   1979   0.872
          66            fed_overlap/student_t 1983   1371 5.0079   4.4327        0.683 2.3309 +0.2884 +0.625 0.769   0.776   1979   0.881
          66        fed_overlap/student_t_ar1 1983   1371 4.9932   4.3464        0.681 2.3746 +0.3137 +0.592 0.759   0.769   1979   0.873
          66 fed_overlap/student_t_ar1_shared 1983   1371 4.9770   4.2906        0.679 2.3541 +0.4329 +0.606 0.765   0.771   1979   0.880
          66                              ar2 1983   1371 7.3288   7.6628        1.000 3.1218 -0.2411 -0.286 0.713   0.708   1979   0.828
          66                             mean 1983   1371 6.1060   6.1425        0.833 2.7416 +0.4516 -0.264 0.741   0.736   1979   0.849

====================================================================================
2007-2010
====================================================================================
   window 2007-01-01 .. 2010-12-31
   data   2007-01-05 .. 2010-12-31   (18 target quarters, 100% of the window)
 n_trimestri                           metodo   n  n_com   RMSE RMSE_com RMSE_rel_ar2    MAE    Bias   corr   MDA MDA_com  n_dir SignAcc
          14             fed_overlap/gaussian 420    309 2.8430   2.5994        0.748 1.9892 +0.9873 +0.645 0.841   0.867    416   0.757
          14         fed_overlap/gaussian_ar1 420    309 3.1375   2.7916        0.825 2.1765 +1.0726 +0.559 0.856   0.883    416   0.748
          14            fed_overlap/student_t 420    309 2.7929   2.5832        0.735 1.8222 +1.1374 +0.691 0.851   0.877    416   0.779
          14        fed_overlap/student_t_ar1 420    309 3.1193   2.7999        0.821 2.0718 +1.4078 +0.604 0.844   0.871    416   0.757
          14 fed_overlap/student_t_ar1_shared 420    309 3.0565   2.7135        0.804 1.9701 +1.5587 +0.656 0.851   0.874    416   0.769
          14                              ar2 420    309 3.8010   3.6673        1.000 2.5158 +1.1619 +0.183 0.712   0.728    416   0.655
          14                             mean 420    309 4.3069   4.2918        1.133 2.9088 +2.4629 -0.286 0.680   0.686    416   0.643

====================================================================================
2019-2021
====================================================================================
   window 2019-01-01 .. 2021-12-31
   data   2019-01-04 .. 2021-12-31   (14 target quarters, 100% of the window)
 n_trimestri                           metodo   n  n_com    RMSE RMSE_com RMSE_rel_ar2     MAE    Bias   corr   MDA MDA_com  n_dir SignAcc
          10             fed_overlap/gaussian 300    203 11.7857  10.0543        0.657  6.5913 -0.5032 +0.616 0.787   0.739    300   0.820
          10         fed_overlap/gaussian_ar1 300    203 12.1807  10.5283        0.679  6.9153 +0.0464 +0.568 0.760   0.744    300   0.830
          10            fed_overlap/student_t 300    203 11.8725  10.4859        0.662  6.7784 -0.3552 +0.666 0.763   0.700    300   0.837
          10        fed_overlap/student_t_ar1 300    203 11.7205  10.1315        0.654  6.6074 +0.1341 +0.634 0.733   0.704    300   0.833
          10 fed_overlap/student_t_ar1_shared 300    203 11.7043  10.0152        0.653  6.6458 +0.1040 +0.642 0.770   0.734    300   0.837
          10                              ar2 300    203 17.9316  19.0695        1.000 11.1934 -3.0651 -0.358 0.597   0.493    300   0.643
          10                             mean 300    203 14.4385  14.6932        0.805  8.4135 -0.7199 -0.405 0.770   0.704    300   0.800

====================================================================================
2024-2025
====================================================================================
   window 2024-01-01 .. 2025-12-31
   data   2024-01-05 .. 2025-12-26   (10 target quarters, 99% of the window)
 n_trimestri                           metodo   n  n_com   RMSE RMSE_com RMSE_rel_ar2    MAE    Bias   corr   MDA MDA_com  n_dir SignAcc
           6             fed_overlap/gaussian 180    131 2.1052   2.1995        1.238 1.6882 -0.3747 -0.193 0.767   0.740    180   0.833
           6         fed_overlap/gaussian_ar1 180    131 2.0974   2.1799        1.233 1.7206 -0.5630 -0.092 0.744   0.725    180   0.833
           6            fed_overlap/student_t 180    131 2.0689   2.1329        1.217 1.7338 -0.5617 -0.299 0.717   0.702    180   0.833
           6        fed_overlap/student_t_ar1 180    131 2.1150   2.1573        1.244 1.7507 -0.5528 -0.162 0.728   0.710    180   0.833
           6 fed_overlap/student_t_ar1_shared 180    131 2.0463   2.1169        1.203 1.6558 -0.4397 -0.209 0.744   0.725    180   0.833
           6                              ar2 180    131 1.7006   1.6821        1.000 1.4198 -0.0596 +0.004 0.761   0.733    180   0.833
           6                             mean 180    131 1.7012   1.6842        1.000 1.4481 -0.0886 -0.483 0.761   0.733    180   0.833

====================================================================================
BY PHASE OF THE QUARTER  (forecast / nowcast M1-M2-M3 / backcast)
the table version of the RMSE-by-horizon figure
====================================================================================

--- 2007-2019 ---
                          metodo       fase   n  n_com   RMSE RMSE_com RMSE_rel_ar2    MAE    Bias   corr   MDA MDA_com  n_dir SignAcc
            fed_overlap/gaussian   forecast 600    232 2.3787   2.3134        0.903 1.7254 +0.8911 +0.465 0.762   0.754    596   0.850
            fed_overlap/gaussian nowcast M1 184    184 2.0643   2.0643        0.799 1.4663 +0.7100 +0.632 0.875   0.875    184   0.913
            fed_overlap/gaussian nowcast M2 230    230 1.7291   1.7291        0.717 1.2919 +0.4766 +0.745 0.783   0.783    230   0.904
            fed_overlap/gaussian nowcast M3 184    184 1.8533   1.8533        0.769 1.4349 +0.2882 +0.689 0.772   0.772    184   0.902
            fed_overlap/gaussian   backcast 184    184 1.9271   1.9271        0.799 1.4944 +0.1804 +0.660 0.793   0.793    184   0.913
        fed_overlap/gaussian_ar1   forecast 600    232 2.5828   2.4839        0.981 1.7994 +0.8626 +0.289 0.784   0.789    596   0.850
        fed_overlap/gaussian_ar1 nowcast M1 184    184 2.1033   2.1033        0.814 1.5003 +0.6822 +0.604 0.832   0.832    184   0.897
        fed_overlap/gaussian_ar1 nowcast M2 230    230 1.8394   1.8394        0.763 1.4049 +0.4994 +0.709 0.752   0.752    230   0.909
        fed_overlap/gaussian_ar1 nowcast M3 184    184 1.9164   1.9164        0.795 1.4996 +0.4186 +0.681 0.739   0.739    184   0.891
        fed_overlap/gaussian_ar1   backcast 184    184 1.9458   1.9458        0.807 1.5108 +0.3653 +0.670 0.766   0.766    184   0.913
           fed_overlap/student_t   forecast 600    232 2.3292   2.2891        0.884 1.6453 +0.9097 +0.529 0.768   0.754    596   0.858
           fed_overlap/student_t nowcast M1 184    184 2.0846   2.0846        0.806 1.4458 +0.7837 +0.652 0.832   0.832    184   0.908
           fed_overlap/student_t nowcast M2 230    230 1.7596   1.7596        0.730 1.2845 +0.5797 +0.755 0.804   0.804    230   0.917
           fed_overlap/student_t nowcast M3 184    184 1.8063   1.8063        0.749 1.3531 +0.3730 +0.705 0.783   0.783    184   0.913
           fed_overlap/student_t   backcast 184    184 1.8665   1.8665        0.774 1.3945 +0.2570 +0.674 0.788   0.788    184   0.913
       fed_overlap/student_t_ar1   forecast 600    232 2.5318   2.4521        0.961 1.7392 +0.8844 +0.309 0.753   0.776    596   0.853
       fed_overlap/student_t_ar1 nowcast M1 184    184 2.0359   2.0359        0.788 1.4331 +0.6906 +0.657 0.826   0.826    184   0.897
       fed_overlap/student_t_ar1 nowcast M2 230    230 1.7949   1.7949        0.744 1.3215 +0.5235 +0.725 0.770   0.770    230   0.913
       fed_overlap/student_t_ar1 nowcast M3 184    184 1.9090   1.9090        0.792 1.4741 +0.3667 +0.677 0.788   0.788    184   0.902
       fed_overlap/student_t_ar1   backcast 184    184 1.9612   1.9612        0.813 1.5166 +0.2776 +0.658 0.766   0.766    184   0.897
fed_overlap/student_t_ar1_shared   forecast 600    232 2.5296   2.4384        0.961 1.7229 +1.0152 +0.369 0.755   0.776    596   0.862
fed_overlap/student_t_ar1_shared nowcast M1 184    184 2.0120   2.0120        0.778 1.3933 +0.8389 +0.711 0.810   0.810    184   0.902
fed_overlap/student_t_ar1_shared nowcast M2 230    230 1.7892   1.7892        0.742 1.3462 +0.6683 +0.748 0.757   0.757    230   0.913
fed_overlap/student_t_ar1_shared nowcast M3 184    184 1.8782   1.8782        0.779 1.4476 +0.5017 +0.695 0.799   0.799    184   0.902
fed_overlap/student_t_ar1_shared   backcast 184    184 1.9229   1.9229        0.797 1.4865 +0.4043 +0.673 0.755   0.755    184   0.902
                           nyfed   forecast 232    232 2.7241   2.7241        1.034 1.8583 +0.4156 +0.047 0.638   0.638    232   0.849
                           nyfed nowcast M1 184    184 2.3445   2.3445        0.907 1.6213 +0.3513 +0.404 0.690   0.690    184   0.897
                           nyfed nowcast M2 230    230 2.0424   2.0424        0.847 1.4440 +0.3496 +0.590 0.713   0.713    230   0.909
                           nyfed nowcast M3 184    184 1.8125   1.8125        0.752 1.3643 +0.3150 +0.711 0.826   0.826    184   0.913
                           nyfed   backcast 184    184 1.7403   1.7403        0.722 1.3156 +0.2312 +0.726 0.832   0.832    184   0.913
                             ar2   forecast 600    232 2.6333   2.5870        1.000 1.7697 +0.4447 +0.103 0.732   0.741    596   0.835
                             ar2 nowcast M1 184    184 2.5848   2.5848        1.000 1.7370 +0.3944 +0.171 0.745   0.745    184   0.848
                             ar2 nowcast M2 230    230 2.4115   2.4115        1.000 1.6899 +0.3215 +0.337 0.696   0.696    230   0.870
                             ar2 nowcast M3 184    184 2.4115   2.4115        1.000 1.6899 +0.3215 +0.337 0.696   0.696    184   0.870
                             ar2   backcast 184    184 2.4115   2.4115        1.000 1.6899 +0.3215 +0.337 0.696   0.696    184   0.870
                            mean   forecast 600    232 2.7216   2.7182        1.034 1.7766 +0.8864 -0.474 0.768   0.789    596   0.848
                            mean nowcast M1 184    184 2.7218   2.7218        1.053 1.7770 +0.8882 -0.468 0.783   0.783    184   0.848
                            mean nowcast M2 230    230 2.7062   2.7062        1.122 1.7693 +0.8782 -0.416 0.696   0.696    230   0.848
                            mean nowcast M3 184    184 2.7062   2.7062        1.122 1.7693 +0.8782 -0.416 0.696   0.696    184   0.848
                            mean   backcast 184    184 2.7062   2.7062        1.122 1.7693 +0.8782 -0.416 0.696   0.696    184   0.848

--- 2007-2021 ---
                          metodo       fase   n  n_com   RMSE RMSE_com RMSE_rel_ar2    MAE    Bias   corr   MDA MDA_com  n_dir SignAcc
            fed_overlap/gaussian   forecast 704    264 6.8383   6.0464        0.942 2.9975 +0.6607 -0.063 0.773   0.761    700   0.825
            fed_overlap/gaussian nowcast M1 216    215 5.6570   5.6661        0.770 2.5097 +0.6454 +0.661 0.884   0.884    216   0.903
            fed_overlap/gaussian nowcast M2 270    270 3.6601   3.6601        0.409 1.9180 +0.4769 +0.913 0.793   0.793    270   0.900
            fed_overlap/gaussian nowcast M3 216    212 3.0913   3.1195        0.345 1.9393 +0.2225 +0.928 0.778   0.774    216   0.889
            fed_overlap/gaussian   backcast 216    212 3.1505   3.1781        0.352 2.0128 +0.1032 +0.924 0.787   0.783    216   0.903
        fed_overlap/gaussian_ar1   forecast 704    264 6.9868   6.1114        0.962 3.0689 +0.6797 -0.137 0.779   0.792    700   0.825
        fed_overlap/gaussian_ar1 nowcast M1 216    215 5.7551   5.7664        0.783 2.5822 +0.7107 +0.596 0.829   0.828    216   0.889
        fed_overlap/gaussian_ar1 nowcast M2 270    270 4.0692   4.0692        0.454 2.1494 +0.6062 +0.858 0.767   0.767    270   0.904
        fed_overlap/gaussian_ar1 nowcast M3 216    212 3.3601   3.3716        0.375 2.0859 +0.4912 +0.910 0.769   0.764    216   0.889
        fed_overlap/gaussian_ar1   backcast 216    212 3.6461   3.6669        0.407 2.1493 +0.5011 +0.895 0.782   0.778    216   0.907
           fed_overlap/student_t   forecast 704    264 6.5622   5.6208        0.903 2.8567 +0.7797 +0.165 0.777   0.754    700   0.837
           fed_overlap/student_t nowcast M1 216    215 5.5573   5.5678        0.756 2.4785 +0.7587 +0.727 0.838   0.837    216   0.894
           fed_overlap/student_t nowcast M2 270    270 4.2548   4.2548        0.475 2.0601 +0.5164 +0.895 0.793   0.793    270   0.911
           fed_overlap/student_t nowcast M3 216    212 3.8423   3.8778        0.429 2.0564 +0.2436 +0.913 0.787   0.783    216   0.907
           fed_overlap/student_t   backcast 216    212 3.7625   3.7959        0.420 2.0897 +0.0729 +0.911 0.782   0.778    216   0.907
       fed_overlap/student_t_ar1   forecast 704    264 6.7183   5.8381        0.925 2.9677 +0.7735 +0.016 0.753   0.780    700   0.831
       fed_overlap/student_t_ar1 nowcast M1 216    215 5.7359   5.7477        0.781 2.5040 +0.7437 +0.649 0.833   0.833    216   0.884
       fed_overlap/student_t_ar1 nowcast M2 270    270 4.0552   4.0552        0.453 2.0392 +0.6081 +0.879 0.774   0.774    270   0.907
       fed_overlap/student_t_ar1 nowcast M3 216    212 3.2651   3.2883        0.364 2.0030 +0.4644 +0.917 0.792   0.788    216   0.898
       fed_overlap/student_t_ar1   backcast 216    212 3.1317   3.1581        0.350 1.9917 +0.3117 +0.923 0.764   0.759    216   0.894
fed_overlap/student_t_ar1_shared   forecast 704    264 6.7324   5.7584        0.927 2.9518 +0.8777 +0.025 0.763   0.784    700   0.838
fed_overlap/student_t_ar1_shared nowcast M1 216    215 5.5446   5.5546        0.755 2.4392 +0.8404 +0.739 0.824   0.823    216   0.894
fed_overlap/student_t_ar1_shared nowcast M2 270    270 3.7342   3.7342        0.417 2.0154 +0.7549 +0.914 0.767   0.767    270   0.907
fed_overlap/student_t_ar1_shared nowcast M3 216    212 3.3385   3.3647        0.373 2.0320 +0.5837 +0.922 0.801   0.797    216   0.898
fed_overlap/student_t_ar1_shared   backcast 216    212 3.6340   3.6654        0.406 2.0995 +0.3592 +0.900 0.759   0.755    216   0.898
                           nyfed   forecast 265    265 6.7852   6.7852        0.934 2.9155 +0.2276 -0.250 0.660   0.660    265   0.826
                           nyfed nowcast M1 215    215 5.1717   5.1717        0.704 2.5200 +0.3435 +0.757 0.716   0.716    215   0.893
                           nyfed nowcast M2 270    270 3.6722   3.6722        0.410 2.0010 +0.0007 +0.838 0.737   0.737    270   0.904
                           nyfed nowcast M3 212    212 3.5693   3.5693        0.398 1.9743 +0.0397 +0.891 0.830   0.830    212   0.906
                           nyfed   backcast 212    212 3.9076   3.9076        0.436 2.0527 +0.0329 +0.915 0.835   0.835    212   0.915
                             ar2   forecast 704    264 7.2631   6.7366        1.000 3.3846 +0.0833 -0.087 0.740   0.742    700   0.798
                             ar2 nowcast M1 216    215 7.3464   7.3555        1.000 3.3809 +0.0826 -0.076 0.745   0.744    216   0.815
                             ar2 nowcast M2 270    270 8.9592   8.9592        1.000 3.6116 -0.5166 -0.511 0.667   0.667    270   0.815
                             ar2 nowcast M3 216    212 8.9592   9.0416        1.000 3.6116 -0.5166 -0.511 0.667   0.660    216   0.815
                             ar2   backcast 216    212 8.9592   9.0416        1.000 3.6116 -0.5166 -0.511 0.667   0.660    216   0.815
                            mean   forecast 704    264 6.6791   6.1590        0.920 3.0160 +0.6751 -0.214 0.784   0.799    700   0.834
                            mean nowcast M1 216    215 6.6887   6.7008        0.910 3.0203 +0.6757 -0.222 0.796   0.795    216   0.833
                            mean nowcast M2 270    270 6.6997   6.6997        0.748 3.0123 +0.6666 -0.313 0.685   0.685    270   0.833
                            mean nowcast M3 216    212 6.6997   6.7619        0.748 3.0123 +0.6666 -0.313 0.685   0.679    216   0.833
                            mean   backcast 216    212 6.6997   6.7619        0.748 3.0123 +0.6666 -0.313 0.685   0.679    216   0.833

--- 2007-2025 ---
                          metodo       fase   n  n_com   RMSE RMSE_com RMSE_rel_ar2    MAE    Bias   corr   MDA MDA_com  n_dir SignAcc
            fed_overlap/gaussian   forecast 861    309 6.2397   5.6328        0.943 2.7473 +0.3757 -0.062 0.756   0.751    857   0.842
            fed_overlap/gaussian nowcast M1 264    251 5.2303   5.3187        0.781 2.4051 +0.3375 +0.602 0.841   0.849    264   0.894
            fed_overlap/gaussian nowcast M2 330    315 3.4904   3.5041        0.428 1.9497 +0.1710 +0.883 0.782   0.784    330   0.891
            fed_overlap/gaussian nowcast M3 264    248 2.9427   2.9924        0.361 1.9132 -0.0085 +0.914 0.777   0.766    264   0.886
            fed_overlap/gaussian   backcast 264    248 3.0069   3.0459        0.369 1.9704 -0.0890 +0.909 0.780   0.782    264   0.905
        fed_overlap/gaussian_ar1   forecast 861    309 6.3703   5.6980        0.962 2.8127 +0.3906 -0.112 0.756   0.770    857   0.842
        fed_overlap/gaussian_ar1 nowcast M1 264    251 5.2983   5.4155        0.791 2.4282 +0.4023 +0.549 0.795   0.801    264   0.886
        fed_overlap/gaussian_ar1 nowcast M2 330    315 3.8142   3.8777        0.468 2.1029 +0.3124 +0.832 0.764   0.759    330   0.897
        fed_overlap/gaussian_ar1 nowcast M3 264    248 3.1524   3.2233        0.387 2.0082 +0.2318 +0.895 0.765   0.750    264   0.886
        fed_overlap/gaussian_ar1   backcast 264    248 3.4103   3.4888        0.419 2.0568 +0.2632 +0.879 0.777   0.762    264   0.909
           fed_overlap/student_t   forecast 861    309 5.9952   5.2468        0.906 2.6407 +0.4645 +0.147 0.750   0.738    857   0.851
           fed_overlap/student_t nowcast M1 264    251 5.1153   5.2137        0.764 2.3486 +0.4574 +0.689 0.799   0.805    264   0.898
           fed_overlap/student_t nowcast M2 330    315 3.9683   4.0165        0.487 2.0223 +0.2290 +0.872 0.776   0.784    330   0.906
           fed_overlap/student_t nowcast M3 264    248 3.5893   3.6643        0.441 1.9972 +0.0114 +0.899 0.780   0.782    264   0.902
           fed_overlap/student_t   backcast 264    248 3.5248   3.5910        0.433 2.0219 -0.1040 +0.898 0.777   0.778    264   0.909
       fed_overlap/student_t_ar1   forecast 861    309 6.1388   5.4571        0.927 2.7588 +0.4000 +0.011 0.732   0.754    857   0.847
       fed_overlap/student_t_ar1 nowcast M1 264    251 5.2763   5.3849        0.788 2.3928 +0.3997 +0.599 0.799   0.805    264   0.883
       fed_overlap/student_t_ar1 nowcast M2 330    315 3.7997   3.8512        0.466 2.0288 +0.2809 +0.853 0.764   0.759    330   0.900
       fed_overlap/student_t_ar1 nowcast M3 264    248 3.0896   3.1490        0.379 1.9633 +0.1956 +0.900 0.792   0.778    264   0.894
       fed_overlap/student_t_ar1   backcast 264    248 2.9895   3.0380        0.367 1.9472 +0.1055 +0.907 0.769   0.754    264   0.898
fed_overlap/student_t_ar1_shared   forecast 861    309 6.1464   5.3739        0.929 2.7311 +0.5210 +0.015 0.743   0.764    857   0.852
fed_overlap/student_t_ar1_shared nowcast M1 264    251 5.1018   5.2026        0.762 2.3289 +0.5156 +0.695 0.792   0.797    264   0.898
fed_overlap/student_t_ar1_shared nowcast M2 330    315 3.5045   3.5493        0.430 1.9795 +0.4393 +0.891 0.761   0.752    330   0.903
fed_overlap/student_t_ar1_shared nowcast M3 264    248 3.1399   3.2053        0.385 1.9582 +0.3227 +0.907 0.803   0.790    264   0.902
fed_overlap/student_t_ar1_shared   backcast 264    248 3.4083   3.4811        0.418 2.0141 +0.1648 +0.885 0.773   0.758    264   0.902
                             ar2   forecast 861    309 6.6193   6.2583        1.000 3.0433 -0.0300 -0.080 0.734   0.744    857   0.820
                             ar2 nowcast M1 264    251 6.6963   6.8376        1.000 3.0435 -0.0308 -0.070 0.750   0.753    264   0.833
                             ar2 nowcast M2 330    315 8.1469   8.3189        1.000 3.2246 -0.5177 -0.492 0.682   0.683    330   0.833
                             ar2 nowcast M3 264    248 8.1469   8.3841        1.000 3.2246 -0.5177 -0.492 0.682   0.677    264   0.833
                             ar2   backcast 264    248 8.1469   8.3841        1.000 3.2246 -0.5177 -0.492 0.682   0.677    264   0.833
                            mean   forecast 861    309 6.0957   5.7272        0.921 2.7408 +0.4545 -0.224 0.770   0.793    857   0.849
                            mean nowcast M1 264    251 6.1064   6.2344        0.912 2.7470 +0.4551 -0.232 0.792   0.797    264   0.848
                            mean nowcast M2 330    315 6.1162   6.2352        0.751 2.7408 +0.4475 -0.318 0.697   0.698    330   0.848
                            mean nowcast M3 264    248 6.1162   6.2847        0.751 2.7408 +0.4475 -0.318 0.697   0.694    264   0.848
                            mean   backcast 264    248 6.1162   6.2847        0.751 2.7408 +0.4475 -0.318 0.697   0.694    264   0.848

--- 2007-2010 ---
                          metodo       fase   n  n_com   RMSE RMSE_com RMSE_rel_ar2    MAE    Bias   corr   MDA MDA_com  n_dir SignAcc
            fed_overlap/gaussian   forecast 182     71 3.3192   3.1362        0.819 2.3007 +1.2062 +0.461 0.770   0.775    178   0.648
            fed_overlap/gaussian nowcast M1  56     56 2.8194   2.8194        0.718 1.9535 +0.9732 +0.655 0.839   0.839     56   0.857
            fed_overlap/gaussian nowcast M2  70     70 2.1493   2.1493        0.616 1.5580 +0.6820 +0.811 0.914   0.914     70   0.829
            fed_overlap/gaussian nowcast M3  56     56 2.3468   2.3468        0.673 1.7681 +0.8106 +0.786 0.893   0.893     56   0.821
            fed_overlap/gaussian   backcast  56     56 2.3629   2.3629        0.677 1.7727 +0.8484 +0.792 0.929   0.929     56   0.857
        fed_overlap/gaussian_ar1   forecast 182     71 3.7795   3.5073        0.932 2.5728 +1.4190 +0.230 0.787   0.803    178   0.648
        fed_overlap/gaussian_ar1 nowcast M1  56     56 2.9018   2.9018        0.739 1.9844 +1.0639 +0.634 0.821   0.821     56   0.804
        fed_overlap/gaussian_ar1 nowcast M2  70     70 2.3520   2.3520        0.674 1.7415 +0.6720 +0.769 0.943   0.943     70   0.843
        fed_overlap/gaussian_ar1 nowcast M3  56     56 2.4621   2.4621        0.706 1.9207 +0.7607 +0.765 0.929   0.929     56   0.786
        fed_overlap/gaussian_ar1   backcast  56     56 2.4508   2.4508        0.703 1.8806 +0.7684 +0.774 0.929   0.929     56   0.857
           fed_overlap/student_t   forecast 182     71 3.2200   3.0783        0.794 2.0824 +1.3368 +0.631 0.770   0.761    178   0.676
           fed_overlap/student_t nowcast M1  56     56 2.8223   2.8223        0.719 1.8289 +1.1431 +0.710 0.839   0.839     56   0.839
           fed_overlap/student_t nowcast M2  70     70 2.2432   2.2432        0.643 1.5352 +0.9169 +0.822 0.957   0.957     70   0.871
           fed_overlap/student_t nowcast M3  56     56 2.2951   2.2951        0.658 1.5829 +0.9443 +0.800 0.911   0.911     56   0.857
           fed_overlap/student_t   backcast  56     56 2.2985   2.2985        0.659 1.5682 +0.9522 +0.801 0.929   0.929     56   0.857
       fed_overlap/student_t_ar1   forecast 182     71 3.7346   3.5088        0.921 2.3950 +1.8436 +0.366 0.775   0.789    178   0.659
       fed_overlap/student_t_ar1 nowcast M1  56     56 2.8461   2.8461        0.725 1.8365 +1.3486 +0.720 0.786   0.786     56   0.804
       fed_overlap/student_t_ar1 nowcast M2  70     70 2.3689   2.3689        0.679 1.6549 +1.0339 +0.791 0.900   0.900     70   0.857
       fed_overlap/student_t_ar1 nowcast M3  56     56 2.5172   2.5172        0.722 1.9390 +0.9826 +0.769 0.964   0.964     56   0.821
       fed_overlap/student_t_ar1   backcast  56     56 2.4893   2.4893        0.714 1.9107 +0.9434 +0.779 0.929   0.929     56   0.839
fed_overlap/student_t_ar1_shared   forecast 182     71 3.6798   3.3901        0.908 2.2820 +2.0383 +0.517 0.787   0.789    178   0.687
fed_overlap/student_t_ar1_shared nowcast M1  56     56 2.7123   2.7123        0.691 1.6286 +1.4800 +0.807 0.750   0.750     56   0.821
fed_overlap/student_t_ar1_shared nowcast M2  70     70 2.3183   2.3183        0.665 1.6387 +1.1683 +0.819 0.929   0.929     70   0.857
fed_overlap/student_t_ar1_shared nowcast M3  56     56 2.4608   2.4608        0.705 1.8532 +1.0913 +0.783 0.982   0.982     56   0.821
fed_overlap/student_t_ar1_shared   backcast  56     56 2.4346   2.4346        0.698 1.8291 +1.0344 +0.790 0.929   0.929     56   0.821
                             ar2   forecast 182     71 4.0538   3.8976        1.000 2.7288 +1.3337 +0.005 0.657   0.648    178   0.599
                             ar2 nowcast M1  56     56 3.9245   3.9245        1.000 2.5933 +1.1981 +0.095 0.643   0.643     56   0.643
                             ar2 nowcast M2  70     70 3.4883   3.4883        1.000 2.2788 +0.9790 +0.353 0.786   0.786     70   0.714
                             ar2 nowcast M3  56     56 3.4883   3.4883        1.000 2.2788 +0.9790 +0.353 0.786   0.786     56   0.714
                             ar2   backcast  56     56 3.4883   3.4883        1.000 2.2788 +0.9790 +0.353 0.786   0.786     56   0.714
                            mean   forecast 182     71 4.3253   4.2885        1.067 2.9248 +2.4803 -0.351 0.657   0.648    178   0.643
                            mean nowcast M1  56     56 4.3182   4.3182        1.100 2.9171 +2.4714 -0.334 0.643   0.643     56   0.643
                            mean nowcast M2  70     70 4.2849   4.2849        1.228 2.8902 +2.4429 -0.210 0.714   0.714     70   0.643
                            mean nowcast M3  56     56 4.2849   4.2849        1.228 2.8902 +2.4429 -0.210 0.714   0.714     56   0.643
                            mean   backcast  56     56 4.2849   4.2849        1.228 2.8902 +2.4429 -0.210 0.714   0.714     56   0.643

--- 2019-2021 ---
                          metodo       fase   n  n_com    RMSE RMSE_com RMSE_rel_ar2     MAE    Bias   corr   MDA MDA_com  n_dir SignAcc
            fed_overlap/gaussian   forecast 130     42 15.0812  14.1684        0.946  8.4729 -0.7284 -0.402 0.869   0.857    130   0.746
            fed_overlap/gaussian nowcast M1  40     39 12.3944  12.5422        0.767  7.0631 -0.0369 +0.805 0.950   0.949     40   0.875
            fed_overlap/gaussian nowcast M2  50     50  7.7088   7.7088        0.382  4.8017 -0.0045 +0.952 0.700   0.700     50   0.900
            fed_overlap/gaussian nowcast M3  40     36  6.0849   6.4115        0.302  4.3615 -0.6147 +0.972 0.650   0.611     40   0.850
            fed_overlap/gaussian   backcast  40     36  6.1371   6.4632        0.304  4.4712 -0.7490 +0.976 0.600   0.556     40   0.875
        fed_overlap/gaussian_ar1   forecast 130     42 15.2941  14.1869        0.959  8.5431 -0.5291 -0.356 0.785   0.810    130   0.746
        fed_overlap/gaussian_ar1 nowcast M1  40     39 12.6076  12.7633        0.780  7.3084 +0.4335 +0.682 0.850   0.846     40   0.875
        fed_overlap/gaussian_ar1 nowcast M2  50     50  8.6392   8.6392        0.428  5.5247 +0.5960 +0.909 0.680   0.680     50   0.900
        fed_overlap/gaussian_ar1 nowcast M3  40     36  6.7133   7.0198        0.333  4.8085 +0.2840 +0.961 0.750   0.722     40   0.900
        fed_overlap/gaussian_ar1   backcast  40     36  7.4335   7.7986        0.368  5.0766 +0.6054 +0.965 0.700   0.667     40   0.900
           fed_overlap/student_t   forecast 130     42 14.4384  13.0425        0.905  8.0765 -0.1641 +0.017 0.862   0.810    130   0.769
           fed_overlap/student_t nowcast M1  40     39 12.1308  12.2793        0.750  6.9709 +0.2548 +0.832 0.900   0.897     40   0.850
           fed_overlap/student_t nowcast M2  50     50  9.1786   9.1786        0.455  5.5760 -0.2385 +0.937 0.620   0.620     50   0.900
           fed_overlap/student_t nowcast M3  40     36  8.1098   8.5471        0.402  5.3352 -0.8552 +0.967 0.650   0.611     40   0.900
           fed_overlap/student_t   backcast  40     36  7.8366   8.2552        0.388  5.3131 -1.2322 +0.978 0.600   0.556     40   0.900
       fed_overlap/student_t_ar1   forecast 130     42 14.6719  13.4772        0.920  8.2958 -0.1447 -0.135 0.785   0.810    130   0.762
       fed_overlap/student_t_ar1 nowcast M1  40     39 12.6116  12.7684        0.780  7.2180 +0.5505 +0.775 0.900   0.897     40   0.850
       fed_overlap/student_t_ar1 nowcast M2  50     50  8.6496   8.6496        0.429  5.3315 +0.4769 +0.923 0.640   0.640     50   0.900
       fed_overlap/student_t_ar1 nowcast M3  40     36  6.4708   6.7998        0.321  4.4953 +0.3607 +0.966 0.650   0.611     40   0.900
       fed_overlap/student_t_ar1   backcast  40     36  6.0188   6.3356        0.298  4.2165 -0.0316 +0.979 0.600   0.556     40   0.900
fed_overlap/student_t_ar1_shared   forecast 130     42 14.7063  13.2722        0.922  8.2517 -0.1507 -0.104 0.846   0.881    130   0.762
fed_overlap/student_t_ar1_shared nowcast M1  40     39 12.1566  12.3041        0.752  7.0216 +0.4201 +0.848 0.925   0.923     40   0.875
fed_overlap/student_t_ar1_shared nowcast M2  50     50  7.8289   7.8289        0.388  5.0593 +0.6335 +0.951 0.660   0.660     50   0.900
fed_overlap/student_t_ar1_shared nowcast M3  40     36  6.7053   7.0535        0.332  4.7596 +0.3986 +0.968 0.650   0.611     40   0.900
fed_overlap/student_t_ar1_shared   backcast  40     36  7.4289   7.8233        0.368  4.9202 -0.3408 +0.960 0.625   0.583     40   0.900
                             ar2   forecast 130     42 15.9489  15.7840        1.000 10.5131 -1.9539 -0.102 0.762   0.690    130   0.669
                             ar2 nowcast M1  40     39 16.1682  16.3546        1.000 10.6338 -1.7347 -0.104 0.700   0.692     40   0.700
                             ar2 nowcast M2  50     50 20.1797  20.1797        1.000 12.0458 -4.5856 -0.639 0.400   0.400     50   0.600
                             ar2 nowcast M3  40     36 20.1797  21.2668        1.000 12.0458 -4.5856 -0.639 0.400   0.333     40   0.600
                             ar2   backcast  40     36 20.1797  21.2668        1.000 12.0458 -4.5856 -0.639 0.400   0.333     40   0.600
                            mean   forecast 130     42 14.4185  14.0790        0.904  8.4153 -0.7172 -0.181 0.900   0.905    130   0.800
                            mean nowcast M1  40     39 14.4224  14.5975        0.892  8.4186 -0.7196 -0.225 0.900   0.897     40   0.800
                            mean nowcast M2  50     50 14.4633  14.4633        0.717  8.4103 -0.7227 -0.692 0.600   0.600     50   0.800
                            mean nowcast M3  40     36 14.4633  15.2438        0.717  8.4103 -0.7227 -0.692 0.600   0.556     40   0.800
                            mean   backcast  40     36 14.4633  15.2438        0.717  8.4103 -0.7227 -0.692 0.600   0.556     40   0.800

--- 2024-2025 ---
                          metodo       fase  n  n_com   RMSE RMSE_com RMSE_rel_ar2    MAE    Bias   corr   MDA MDA_com  n_dir SignAcc
            fed_overlap/gaussian   forecast 78     29 1.7941   1.7328        1.053 1.5395 -0.5191 +0.064 0.859   0.897     78   0.833
            fed_overlap/gaussian nowcast M1 24     24 2.2150   2.2150        1.297 1.6488 -0.1429 -0.279 0.792   0.792     24   0.833
            fed_overlap/gaussian nowcast M2 30     30 2.3514   2.3514        1.388 1.8594 -0.3344 -0.344 0.667   0.667     30   0.833
            fed_overlap/gaussian nowcast M3 24     24 2.2866   2.2866        1.349 1.8561 -0.3795 -0.185 0.667   0.667     24   0.833
            fed_overlap/gaussian   backcast 24     24 2.3943   2.3943        1.413 1.8285 -0.1828 -0.346 0.667   0.667     24   0.833
        fed_overlap/gaussian_ar1   forecast 78     29 1.8224   1.7593        1.069 1.6057 -0.8204 +0.282 0.808   0.828     78   0.833
        fed_overlap/gaussian_ar1 nowcast M1 24     24 2.1442   2.1442        1.255 1.6663 -0.4157 -0.084 0.792   0.792     24   0.833
        fed_overlap/gaussian_ar1 nowcast M2 30     30 2.3462   2.3462        1.385 1.8887 -0.4168 -0.349 0.667   0.667     30   0.833
        fed_overlap/gaussian_ar1 nowcast M3 24     24 2.2547   2.2547        1.331 1.8422 -0.4323 -0.172 0.667   0.667     24   0.833
        fed_overlap/gaussian_ar1   backcast 24     24 2.3741   2.3741        1.401 1.8163 -0.1875 -0.330 0.667   0.667     24   0.833
           fed_overlap/student_t   forecast 78     29 1.9159   1.9631        1.124 1.6453 -0.6876 -0.124 0.782   0.828     78   0.833
           fed_overlap/student_t nowcast M1 24     24 2.1192   2.1192        1.241 1.7001 -0.4478 -0.461 0.667   0.667     24   0.833
           fed_overlap/student_t nowcast M2 30     30 2.1473   2.1473        1.267 1.8478 -0.5863 -0.409 0.667   0.667     30   0.833
           fed_overlap/student_t nowcast M3 24     24 2.1959   2.1959        1.296 1.8649 -0.5186 -0.320 0.667   0.667     24   0.833
           fed_overlap/student_t   backcast 24     24 2.2579   2.2579        1.332 1.7818 -0.2786 -0.432 0.667   0.667     24   0.833
       fed_overlap/student_t_ar1   forecast 78     29 1.9891   1.9753        1.167 1.7920 -0.9243 -0.132 0.769   0.759     78   0.833
       fed_overlap/student_t_ar1 nowcast M1 24     24 1.9527   1.9527        1.143 1.5934 -0.4555 -0.169 0.792   0.792     24   0.833
       fed_overlap/student_t_ar1 nowcast M2 30     30 2.0915   2.0915        1.234 1.7108 -0.3902 -0.183 0.667   0.667     30   0.833
       fed_overlap/student_t_ar1 nowcast M3 24     24 2.3025   2.3025        1.359 1.8126 -0.2706 -0.169 0.667   0.667     24   0.833
       fed_overlap/student_t_ar1   backcast 24     24 2.4711   2.4711        1.458 1.7622 +0.0720 -0.325 0.667   0.667     24   0.833
fed_overlap/student_t_ar1_shared   forecast 78     29 1.8601   1.8868        1.091 1.6380 -0.7067 -0.011 0.808   0.828     78   0.833
fed_overlap/student_t_ar1_shared nowcast M1 24     24 2.0202   2.0202        1.183 1.6085 -0.3682 -0.374 0.792   0.792     24   0.833
fed_overlap/student_t_ar1_shared nowcast M2 30     30 2.1025   2.1025        1.241 1.6791 -0.3391 -0.253 0.667   0.667     30   0.833
fed_overlap/student_t_ar1_shared nowcast M3 24     24 2.2347   2.2347        1.319 1.7307 -0.2424 -0.254 0.667   0.667     24   0.833
fed_overlap/student_t_ar1_shared   backcast 24     24 2.3576   2.3576        1.391 1.6568 +0.0336 -0.387 0.667   0.667     24   0.833
                             ar2   forecast 78     29 1.7043   1.6259        1.000 1.4505 -0.0895 -0.449 0.833   0.828     78   0.833
                             ar2 nowcast M1 24     24 1.7082   1.7082        1.000 1.4546 -0.0914 -0.579 0.833   0.833     24   0.833
                             ar2 nowcast M2 30     30 1.6945   1.6945        1.000 1.3785 -0.0200 +0.060 0.667   0.667     30   0.833
                             ar2 nowcast M3 24     24 1.6945   1.6945        1.000 1.3785 -0.0200 +0.060 0.667   0.667     24   0.833
                             ar2   backcast 24     24 1.6945   1.6945        1.000 1.3785 -0.0200 +0.060 0.667   0.667     24   0.833
                            mean   forecast 78     29 1.6998   1.6193        0.997 1.4455 -0.0865 -0.374 0.833   0.828     78   0.833
                            mean nowcast M1 24     24 1.7018   1.7018        0.996 1.4477 -0.0876 -0.540 0.833   0.833     24   0.833
                            mean nowcast M2 30     30 1.7023   1.7023        1.005 1.4508 -0.0909 -0.597 0.667   0.667     30   0.833
                            mean nowcast M3 24     24 1.7023   1.7023        1.005 1.4508 -0.0909 -0.597 0.667   0.667     24   0.833
                            mean   backcast 24     24 1.7023   1.7023        1.005 1.4508 -0.0909 -0.597 0.667   0.667     24   0.833
