WEEKLY NOWCAST — ACCURACY TABLES
error in BEA percentage points (nowcast - realised)

distance : RMSE, MAE, Bias.  RMSE_rel_ar2 < 1 beats the AR(2) benchmark.
direction: MDA     = gets the direction of change vs the last published GDP
           SignAcc = gets the sign of growth (expansion vs contraction)
           0.50 = coin toss, 1.00 = always right; n_dir = judgeable rows

TWO SAMPLES, SIDE BY SIDE — READ THEM AS A PAIR
  n     / RMSE     / MDA       every point THAT method scored
  n_com / RMSE_com / MDA_com   only the (quarter, week) points scored by
                               EVERY method in this table
Only the `_com` columns compare across rows.  The free columns can differ
in sample size — a method that starts later, or stops at week 13 instead
of 17, is averaged over a different set of targets — so a row with a
smaller `n` may look better for reasons that have nothing to do with the
model.  The gap between RMSE and RMSE_com measures exactly that.

READING ACROSS WINDOWS: raw RMSE is NOT comparable between periods — a
harder period raises it for everyone.  Compare methods WITHIN a window,
or use RMSE_rel_ar2, which divides by the benchmark of that same period.

family: diag3

====================================================================================
2007-2019
====================================================================================
   window 2007-01-01 .. 2019-12-31
   data   2007-01-05 .. 2019-12-27   (54 target quarters, 100% of the window)
                    metodo    n  n_com   RMSE RMSE_com RMSE_rel_ar2    MAE    Bias   corr   MDA MDA_com  n_dir SignAcc
            diag3/gaussian 1559   1142 2.5496   2.4381        0.993 1.7955 +1.1556 +0.408 0.730   0.720   1547   0.862
        diag3/gaussian_ar1 1559   1142 2.5535   2.3813        0.994 1.8281 +0.7604 +0.418 0.720   0.719   1547   0.866
           diag3/student_t 1559   1142 2.5178   2.4168        0.980 1.7325 +1.1327 +0.415 0.743   0.736   1547   0.862
       diag3/student_t_ar1 1559   1142 2.5157   2.3731        0.979 1.7969 +0.7975 +0.422 0.721   0.718   1547   0.867
diag3/student_t_ar1_shared 1559   1142 2.4413   2.3024        0.951 1.7055 +0.8368 +0.408 0.721   0.715   1547   0.866
                     nyfed 1142   1142 2.2725   2.2725        0.885 1.5934 +0.4605 +0.429 0.724   0.724   1134   0.884
                       ar2 1559   1142 2.5684   2.4638        1.000 1.7287 +0.5019 +0.182 0.730   0.723   1547   0.841
                      mean 1559   1142 2.7144   2.6613        1.057 1.7541 +0.9602 -0.396 0.751   0.739   1547   0.838

====================================================================================
2007-2021
====================================================================================
   window 2007-01-01 .. 2021-12-31
   data   2007-01-05 .. 2021-12-31   (62 target quarters, 100% of the window)
                    metodo    n  n_com   RMSE RMSE_com RMSE_rel_ar2    MAE    Bias   corr   MDA MDA_com  n_dir SignAcc
            diag3/gaussian 1801   1280 6.2929   6.0801        0.819 2.8521 +0.9741 +0.188 0.730   0.737   1789   0.850
        diag3/gaussian_ar1 1801   1280 6.0797   5.5198        0.791 2.7864 +0.6072 +0.349 0.722   0.732   1789   0.848
           diag3/student_t 1801   1280 6.2427   6.0806        0.812 2.8104 +0.8953 +0.219 0.733   0.730   1789   0.848
       diag3/student_t_ar1 1801   1280 6.1792   5.8346        0.804 2.8878 +0.8169 +0.268 0.725   0.729   1789   0.853
diag3/student_t_ar1_shared 1801   1280 5.9503   5.5534        0.774 2.7402 +0.8649 +0.368 0.721   0.723   1789   0.853
                     nyfed 1281   1281 4.7052   4.7052        0.612 2.2786 +0.2635 +0.675 0.736   0.736   1273   0.879
                       ar2 1801   1280 7.6852   7.9217        1.000 3.3345 -0.1221 -0.295 0.708   0.700   1789   0.802
                      mean 1801   1280 6.4011   6.3467        0.833 2.9095 +0.6652 -0.250 0.738   0.730   1789   0.826

====================================================================================
2007-2025
====================================================================================
   window 2007-01-01 .. 2025-12-31
   data   2007-01-05 .. 2025-12-26   (78 target quarters, 100% of the window)
                    metodo    n  n_com   RMSE RMSE_com RMSE_rel_ar2    MAE    Bias   corr   MDA MDA_com  n_dir SignAcc
            diag3/gaussian 2277   1544 5.7044   5.6073        0.830 2.6674 +0.6606 +0.137 0.731   0.723   2265   0.861
        diag3/gaussian_ar1 2277   1544 5.5031   5.1081        0.800 2.5600 +0.4706 +0.334 0.727   0.723   2265   0.853
           diag3/student_t 2277   1544 5.6230   5.5849        0.818 2.5540 +0.6673 +0.178 0.735   0.719   2265   0.859
       diag3/student_t_ar1 2277   1544 5.6110   5.3752        0.816 2.6947 +0.5952 +0.236 0.729   0.718   2265   0.863
diag3/student_t_ar1_shared 2277   1544 5.3954   5.1051        0.785 2.5200 +0.7367 +0.336 0.725   0.715   2265   0.864
                       ar2 2277   1544 6.8753   7.2411        1.000 2.9057 -0.0530 -0.288 0.727   0.709   2265   0.823
                      mean 2277   1544 5.7423   5.8145        0.835 2.5730 +0.5699 -0.245 0.751   0.734   2265   0.842

====================================================================================
2007-2010
====================================================================================
   window 2007-01-01 .. 2010-12-31
   data   2007-01-05 .. 2010-12-31   (18 target quarters, 100% of the window)
                    metodo   n  n_com   RMSE RMSE_com RMSE_rel_ar2    MAE    Bias   corr   MDA MDA_com  n_dir SignAcc
            diag3/gaussian 482    355 3.4104   3.2044        0.940 2.3481 +1.7747 +0.475 0.698   0.680    470   0.739
        diag3/gaussian_ar1 482    355 3.5209   3.1983        0.970 2.5301 +1.1059 +0.462 0.732   0.752    470   0.751
           diag3/student_t 482    355 3.4306   3.2612        0.946 2.2720 +1.8804 +0.494 0.719   0.712    470   0.739
       diag3/student_t_ar1 482    355 3.4475   3.1912        0.950 2.4788 +1.2282 +0.472 0.736   0.749    470   0.753
diag3/student_t_ar1_shared 482    355 3.3369   3.0972        0.920 2.2895 +1.4115 +0.451 0.726   0.729    470   0.751
                       ar2 482    355 3.6281   3.4819        1.000 2.4162 +1.2141 +0.191 0.723   0.729    470   0.670
                      mean 482    355 4.0901   4.0593        1.127 2.7520 +2.3584 -0.254 0.717   0.720    470   0.660

====================================================================================
2019-2021
====================================================================================
   window 2019-01-01 .. 2021-12-31
   data   2019-01-04 .. 2021-12-31   (14 target quarters, 100% of the window)
                    metodo   n  n_com    RMSE RMSE_com RMSE_rel_ar2    MAE    Bias   corr   MDA MDA_com  n_dir SignAcc
            diag3/gaussian 362    224 13.0934  13.5148        0.799 7.0236 -0.0218 +0.111 0.771   0.844    362   0.809
        diag3/gaussian_ar1 362    224 12.5844  12.1274        0.768 6.6425 -0.3387 +0.333 0.696   0.737    362   0.787
           diag3/student_t 362    224 13.0015  13.5349        0.793 7.0883 -0.3236 +0.196 0.732   0.728    362   0.801
       diag3/student_t_ar1 362    224 12.8568  12.9508        0.785 7.2885 +0.5403 +0.221 0.702   0.714    362   0.807
diag3/student_t_ar1_shared 362    224 12.3695  12.2871        0.755 6.9062 +0.6616 +0.364 0.702   0.714    362   0.812
                       ar2 362    224 16.3865  18.1559        1.000 9.7896 -2.7263 -0.351 0.591   0.540    362   0.666
                      mean 362    224 13.2206  13.9904        0.807 7.4729 -0.7551 -0.399 0.724   0.714    362   0.796

====================================================================================
2024-2025
====================================================================================
   window 2024-01-01 .. 2025-12-31
   data   2024-01-05 .. 2025-12-26   (10 target quarters, 99% of the window)
                    metodo   n  n_com   RMSE RMSE_com RMSE_rel_ar2    MAE    Bias   corr   MDA MDA_com  n_dir SignAcc
            diag3/gaussian 240    175 1.8962   1.9315        1.118 1.6796 -0.7831 -0.048 0.804   0.789    240   0.875
        diag3/gaussian_ar1 240    175 2.0445   2.1402        1.206 1.5624 +0.0103 +0.026 0.833   0.817    240   0.846
           diag3/student_t 240    175 1.7058   1.7279        1.006 1.4901 -0.2731 +0.017 0.821   0.800    240   0.875
       diag3/student_t_ar1 240    175 1.7500   1.7918        1.032 1.5274 -0.4284 +0.044 0.821   0.800    240   0.875
diag3/student_t_ar1_shared 240    175 1.7622   1.8122        1.039 1.5208 -0.1540 -0.164 0.821   0.800    240   0.875
                       ar2 240    175 1.6958   1.6924        1.000 1.4574 +0.3131 +0.133 0.821   0.800    240   0.875
                      mean 240    175 1.7105   1.7135        1.009 1.4887 +0.3102 -0.320 0.821   0.800    240   0.875

====================================================================================
BY PHASE OF THE QUARTER  (forecast / nowcast M1-M2-M3 / backcast)
the table version of the RMSE-by-horizon figure
====================================================================================

--- 2007-2019 ---
                    metodo       fase   n  n_com   RMSE RMSE_com RMSE_rel_ar2    MAE    Bias   corr   MDA MDA_com  n_dir SignAcc
            diag3/gaussian   forecast 678    261 2.7920   2.7257        0.999 1.9516 +1.1928 +0.279 0.760   0.766    674   0.832
            diag3/gaussian nowcast M1 208    208 2.4694   2.4694        0.989 1.7595 +1.1396 +0.413 0.770   0.770    204   0.885
            diag3/gaussian nowcast M2 260    260 2.3411   2.3411        1.000 1.6719 +1.1211 +0.511 0.681   0.681    260   0.885
            diag3/gaussian nowcast M3 208    208 2.3042   2.3042        0.984 1.6508 +1.1310 +0.541 0.692   0.692    208   0.885
            diag3/gaussian   backcast 205    205 2.2649   2.2649        0.964 1.6196 +1.1179 +0.573 0.692   0.692    201   0.888
        diag3/gaussian_ar1   forecast 678    261 2.9286   2.8539        1.048 2.0752 +0.8355 +0.249 0.726   0.728    674   0.832
        diag3/gaussian_ar1 nowcast M1 208    208 2.4292   2.4292        0.973 1.7456 +0.7257 +0.442 0.740   0.740    204   0.865
        diag3/gaussian_ar1 nowcast M2 260    260 2.2621   2.2621        0.966 1.6656 +0.7293 +0.543 0.677   0.677    260   0.892
        diag3/gaussian_ar1 nowcast M3 208    208 2.1428   2.1428        0.915 1.6067 +0.6975 +0.594 0.712   0.712    208   0.904
        diag3/gaussian_ar1   backcast 205    205 2.0212   2.0212        0.860 1.5252 +0.6504 +0.636 0.746   0.746    201   0.907
           diag3/student_t   forecast 678    261 2.7373   2.6744        0.980 1.8679 +1.1783 +0.292 0.774   0.797    674   0.832
           diag3/student_t nowcast M1 208    208 2.4348   2.4348        0.975 1.6813 +1.1148 +0.421 0.814   0.814    204   0.885
           diag3/student_t nowcast M2 260    260 2.3355   2.3355        0.998 1.6275 +1.0917 +0.504 0.696   0.696    260   0.885
           diag3/student_t nowcast M3 208    208 2.3002   2.3002        0.983 1.6157 +1.1002 +0.540 0.678   0.678    208   0.885
           diag3/student_t   backcast 205    205 2.2647   2.2647        0.964 1.5889 +1.0848 +0.576 0.692   0.692    201   0.888
       diag3/student_t_ar1   forecast 678    261 2.8351   2.7778        1.015 2.0091 +0.8831 +0.267 0.736   0.743    674   0.832
       diag3/student_t_ar1 nowcast M1 208    208 2.4027   2.4027        0.963 1.7313 +0.7689 +0.440 0.735   0.735    204   0.865
       diag3/student_t_ar1 nowcast M2 260    260 2.2635   2.2635        0.967 1.6466 +0.7654 +0.533 0.681   0.681    260   0.896
       diag3/student_t_ar1 nowcast M3 208    208 2.1852   2.1852        0.934 1.6123 +0.7088 +0.575 0.716   0.716    208   0.904
       diag3/student_t_ar1   backcast 205    205 2.0850   2.0850        0.887 1.5396 +0.6740 +0.608 0.716   0.716    201   0.907
diag3/student_t_ar1_shared   forecast 678    261 2.7399   2.6640        0.981 1.9014 +0.9309 +0.250 0.748   0.762    674   0.835
diag3/student_t_ar1_shared nowcast M1 208    208 2.3443   2.3443        0.939 1.6605 +0.8171 +0.417 0.735   0.735    204   0.865
diag3/student_t_ar1_shared nowcast M2 260    260 2.1950   2.1950        0.938 1.5646 +0.7720 +0.522 0.685   0.685    260   0.885
diag3/student_t_ar1_shared nowcast M3 208    208 2.1152   2.1152        0.904 1.5112 +0.7455 +0.565 0.692   0.692    208   0.904
diag3/student_t_ar1_shared   backcast 205    205 2.0663   2.0663        0.879 1.4790 +0.7209 +0.593 0.697   0.697    201   0.907
                     nyfed   forecast 261    261 2.8057   2.8057        1.004 1.9363 +0.6093 +0.062 0.655   0.655    261   0.828
                     nyfed nowcast M1 208    208 2.3958   2.3958        0.960 1.6621 +0.4731 +0.326 0.691   0.691    204   0.889
                     nyfed nowcast M2 260    260 2.1677   2.1677        0.926 1.5320 +0.4762 +0.486 0.700   0.700    260   0.900
                     nyfed nowcast M3 208    208 1.9199   1.9199        0.820 1.4236 +0.4149 +0.619 0.793   0.793    208   0.904
                     nyfed   backcast 205    205 1.7950   1.7950        0.764 1.3374 +0.2848 +0.676 0.806   0.806    201   0.907
                       ar2   forecast 678    261 2.7939   2.7269        1.000 1.8319 +0.6521 +0.041 0.757   0.770    674   0.814
                       ar2 nowcast M1 208    208 2.4960   2.4960        1.000 1.6543 +0.4609 +0.160 0.765   0.765    204   0.846
                       ar2 nowcast M2 260    260 2.3407   2.3407        1.000 1.6430 +0.3800 +0.319 0.692   0.692    260   0.865
                       ar2 nowcast M3 208    208 2.3407   2.3407        1.000 1.6430 +0.3800 +0.319 0.692   0.692    208   0.865
                       ar2   backcast 205    205 2.3496   2.3496        1.000 1.6590 +0.3246 +0.317 0.692   0.692    201   0.868
                      mean   forecast 678    261 2.8341   2.8004        1.014 1.8234 +1.0320 -0.396 0.795   0.812    674   0.826
                      mean nowcast M1 208    208 2.6283   2.6283        1.053 1.7054 +0.9156 -0.448 0.799   0.799    204   0.846
                      mean nowcast M2 260    260 2.6138   2.6138        1.117 1.6975 +0.9062 -0.398 0.692   0.692    260   0.846
                      mean nowcast M3 208    208 2.6138   2.6138        1.117 1.6975 +0.9062 -0.398 0.692   0.692    208   0.846
                      mean   backcast 205    205 2.6197   2.6197        1.115 1.7032 +0.8915 -0.341 0.692   0.692    201   0.849

--- 2007-2021 ---
                    metodo       fase   n  n_com   RMSE RMSE_com RMSE_rel_ar2    MAE    Bias   corr   MDA MDA_com  n_dir SignAcc
            diag3/gaussian   forecast 783    285 6.6501   6.1283        0.957 3.0869 +0.9591 -0.073 0.733   0.775    779   0.810
            diag3/gaussian nowcast M1 240    235 6.2267   6.2874        0.888 2.8042 +0.9884 +0.234 0.780   0.792    236   0.867
            diag3/gaussian nowcast M2 300    295 5.9896   6.0375        0.702 2.6655 +0.9820 +0.381 0.703   0.698    300   0.883
            diag3/gaussian nowcast M3 240    232 5.8493   5.9395        0.685 2.6122 +0.9837 +0.459 0.717   0.707    240   0.883
            diag3/gaussian   backcast 238    233 5.9460   6.0001        0.695 2.6045 +0.9897 +0.415 0.718   0.712    234   0.887
        diag3/gaussian_ar1   forecast 783    285 7.7693   8.3630        1.118 3.3756 +0.4135 -0.293 0.707   0.726    779   0.803
        diag3/gaussian_ar1 nowcast M1 240    235 6.1318   6.1685        0.874 2.8646 +0.6085 +0.273 0.737   0.749    236   0.842
        diag3/gaussian_ar1 nowcast M2 300    295 4.2232   4.2174        0.495 2.4031 +0.9635 +0.801 0.697   0.702    300   0.887
        diag3/gaussian_ar1 nowcast M3 240    232 3.0535   3.0856        0.358 1.9897 +0.6273 +0.892 0.742   0.733    240   0.900
        diag3/gaussian_ar1   backcast 238    233 3.3650   3.3841        0.393 2.0558 +0.7737 +0.900 0.765   0.760    234   0.903
           diag3/student_t   forecast 783    285 6.4729   5.9432        0.932 2.9646 +0.8962 -0.008 0.759   0.800    779   0.817
           diag3/student_t nowcast M1 240    235 6.1720   6.2234        0.880 2.7682 +0.9094 +0.289 0.818   0.831    236   0.867
           diag3/student_t nowcast M2 300    295 6.0310   6.0711        0.707 2.6909 +0.8828 +0.396 0.687   0.681    300   0.873
           diag3/student_t nowcast M3 240    232 6.0118   6.1038        0.704 2.6751 +0.8909 +0.413 0.671   0.659    240   0.875
           diag3/student_t   backcast 238    233 6.0295   6.0902        0.705 2.6324 +0.8987 +0.403 0.684   0.677    234   0.870
       diag3/student_t_ar1   forecast 783    285 6.8673   6.4437        0.988 3.1813 +0.8173 -0.059 0.723   0.744    779   0.808
       diag3/student_t_ar1 nowcast M1 240    235 6.2600   6.3233        0.893 2.8553 +0.8269 +0.228 0.737   0.749    236   0.850
       diag3/student_t_ar1 nowcast M2 300    295 5.4930   5.5363        0.643 2.6796 +0.8332 +0.533 0.700   0.695    300   0.893
       diag3/student_t_ar1 nowcast M3 240    232 5.2941   5.3688        0.620 2.5796 +0.8035 +0.591 0.738   0.728    240   0.900
       diag3/student_t_ar1   backcast 238    233 5.2884   5.3284        0.618 2.5280 +0.7982 +0.601 0.739   0.734    234   0.903
diag3/student_t_ar1_shared   forecast 783    285 6.7016   6.1984        0.965 3.0602 +0.8533 -0.045 0.733   0.772    779   0.814
diag3/student_t_ar1_shared nowcast M1 240    235 6.1462   6.2052        0.877 2.7811 +0.8876 +0.273 0.754   0.766    236   0.850
diag3/student_t_ar1_shared nowcast M2 300    295 5.3301   5.3740        0.624 2.5269 +0.8281 +0.634 0.693   0.688    300   0.883
diag3/student_t_ar1_shared nowcast M3 240    232 5.0267   5.1016        0.589 2.3893 +0.8439 +0.724 0.700   0.690    240   0.900
diag3/student_t_ar1_shared   backcast 238    233 4.5594   4.5948        0.533 2.2687 +0.9480 +0.791 0.705   0.699    234   0.903
                     nyfed   forecast 286    286 6.5754   6.5754        0.946 2.8548 +0.3593 -0.248 0.664   0.664    286   0.818
                     nyfed nowcast M1 235    235 5.0202   5.0202        0.716 2.4798 +0.4853 +0.731 0.710   0.710    231   0.885
                     nyfed nowcast M2 295    295 3.6274   3.6274        0.425 2.0206 +0.1829 +0.825 0.719   0.719    295   0.895
                     nyfed nowcast M3 232    232 3.5046   3.5046        0.411 1.9672 +0.1896 +0.878 0.797   0.797    232   0.897
                     nyfed   backcast 233    233 3.7863   3.7863        0.443 2.0054 +0.0979 +0.905 0.812   0.812    229   0.910
                       ar2   forecast 783    285 6.9481   6.5097        1.000 3.2701 +0.1521 -0.087 0.750   0.761    779   0.783
                       ar2 nowcast M1 240    235 7.0121   7.0556        1.000 3.2159 +0.0961 -0.075 0.746   0.758    236   0.817
                       ar2 nowcast M2 300    295 8.5362   8.5879        1.000 3.4431 -0.4692 -0.505 0.650   0.661    300   0.817
                       ar2 nowcast M3 240    232 8.5362   8.6600        1.000 3.4431 -0.4692 -0.505 0.650   0.655    240   0.817
                       ar2   backcast 238    233 8.5554   8.6399        1.000 3.4193 -0.4569 -0.509 0.662   0.659    234   0.819
                      mean   forecast 783    285 6.3978   5.9534        0.921 2.9362 +0.6846 -0.214 0.789   0.814    779   0.815
                      mean nowcast M1 240    235 6.3950   6.4337        0.912 2.9060 +0.6487 -0.223 0.792   0.805    236   0.833
                      mean nowcast M2 300    295 6.4053   6.4338        0.750 2.8980 +0.6398 -0.306 0.667   0.678    300   0.833
                      mean nowcast M3 240    232 6.4053   6.4883        0.750 2.8980 +0.6398 -0.306 0.667   0.672    240   0.833
                      mean   backcast 238    233 6.4084   6.4697        0.749 2.8516 +0.6753 -0.276 0.679   0.677    234   0.836

--- 2007-2025 ---
                    metodo       fase   n  n_com   RMSE RMSE_com RMSE_rel_ar2    MAE    Bias   corr   MDA MDA_com  n_dir SignAcc
            diag3/gaussian   forecast 991    351 5.9848   5.5903        0.963 2.7959 +0.6212 -0.082 0.735   0.758    987   0.837
            diag3/gaussian nowcast M1 304    283 5.6697   5.7988        0.903 2.6765 +0.6974 +0.160 0.757   0.763    300   0.868
            diag3/gaussian nowcast M2 380    355 5.4629   5.5791        0.717 2.5693 +0.6895 +0.295 0.713   0.693    380   0.882
            diag3/gaussian nowcast M3 304    280 5.3384   5.4807        0.700 2.5178 +0.6977 +0.369 0.724   0.700    304   0.882
            diag3/gaussian   backcast 298    275 5.4411   5.5927        0.707 2.5087 +0.6790 +0.337 0.724   0.701    294   0.886
        diag3/gaussian_ar1   forecast 991    351 6.9464   7.5666        1.118 2.9445 +0.3469 -0.289 0.720   0.729    987   0.831
        diag3/gaussian_ar1 nowcast M1 304    283 5.6255   5.7292        0.896 2.7449 +0.4764 +0.223 0.723   0.731    300   0.826
        diag3/gaussian_ar1 nowcast M2 380    355 3.9601   3.9947        0.519 2.3349 +0.7262 +0.751 0.703   0.696    380   0.866
        diag3/gaussian_ar1 nowcast M3 304    280 2.8940   2.9188        0.380 1.9388 +0.4549 +0.872 0.747   0.725    304   0.888
        diag3/gaussian_ar1   backcast 298    275 3.1803   3.2197        0.413 2.0138 +0.5665 +0.874 0.762   0.742    294   0.899
           diag3/student_t   forecast 991    351 5.8036   5.4030        0.934 2.6271 +0.6497 -0.022 0.757   0.778    987   0.843
           diag3/student_t nowcast M1 304    283 5.5714   5.7178        0.887 2.5493 +0.7090 +0.230 0.793   0.803    300   0.868
           diag3/student_t nowcast M2 380    355 5.4480   5.5850        0.715 2.4950 +0.6801 +0.334 0.700   0.679    380   0.874
           diag3/student_t nowcast M3 304    280 5.4315   5.6063        0.712 2.4818 +0.6890 +0.349 0.688   0.661    304   0.875
           diag3/student_t   backcast 298    275 5.4748   5.6525        0.712 2.4643 +0.6450 +0.349 0.697   0.672    294   0.872
       diag3/student_t_ar1   forecast 991    351 6.1769   5.8586        0.994 2.8676 +0.5601 -0.067 0.728   0.732    987   0.836
       diag3/student_t_ar1 nowcast M1 304    283 5.7197   5.8269        0.911 2.7206 +0.6233 +0.181 0.730   0.735    300   0.849
       diag3/student_t_ar1 nowcast M2 380    355 5.0483   5.1195        0.662 2.5911 +0.6414 +0.475 0.711   0.690    380   0.889
       diag3/student_t_ar1 nowcast M3 304    280 4.8603   4.9499        0.638 2.4832 +0.6307 +0.541 0.740   0.718    304   0.895
       diag3/student_t_ar1   backcast 298    275 4.8691   4.9687        0.633 2.4414 +0.5885 +0.555 0.741   0.720    294   0.899
diag3/student_t_ar1_shared   forecast 991    351 6.0155   5.6240        0.968 2.7180 +0.6986 -0.051 0.737   0.761    987   0.840
diag3/student_t_ar1_shared nowcast M1 304    283 5.5940   5.6983        0.891 2.5976 +0.7875 +0.228 0.743   0.753    300   0.855
diag3/student_t_ar1_shared nowcast M2 380    355 4.8871   4.9531        0.641 2.3992 +0.7269 +0.574 0.705   0.685    380   0.882
diag3/student_t_ar1_shared nowcast M3 304    280 4.6218   4.6981        0.606 2.2775 +0.7493 +0.669 0.707   0.686    304   0.895
diag3/student_t_ar1_shared   backcast 298    275 4.2337   4.2891        0.550 2.1839 +0.8111 +0.748 0.714   0.690    294   0.899
                       ar2   forecast 991    351 6.2128   5.9014        1.000 2.8311 +0.1503 -0.084 0.759   0.761    987   0.815
                       ar2 nowcast M1 304    283 6.2803   6.4628        1.000 2.8291 +0.1474 -0.073 0.763   0.760    300   0.829
                       ar2 nowcast M2 380    355 7.6237   7.8548        1.000 2.9966 -0.2977 -0.492 0.684   0.676    380   0.829
                       ar2 nowcast M3 304    280 7.6237   7.9092        1.000 2.9966 -0.2977 -0.492 0.684   0.671    304   0.829
                       ar2   backcast 298    275 7.6934   7.9760        1.000 3.0231 -0.3718 -0.492 0.684   0.672    294   0.832
                      mean   forecast 991    351 5.7264   5.4032        0.922 2.5656 +0.5712 -0.212 0.790   0.803    987   0.841
                      mean nowcast M1 304    283 5.7372   5.8991        0.914 2.5839 +0.5856 -0.216 0.800   0.799    300   0.842
                      mean nowcast M2 380    355 5.7464   5.9011        0.754 2.5780 +0.5786 -0.295 0.697   0.690    380   0.842
                      mean nowcast M3 304    280 5.7464   5.9425        0.754 2.5780 +0.5786 -0.295 0.697   0.686    304   0.842
                      mean   backcast 298    275 5.7905   5.9864        0.753 2.5752 +0.5293 -0.275 0.697   0.686    294   0.846

--- 2007-2010 ---
                    metodo       fase   n  n_com   RMSE RMSE_com RMSE_rel_ar2    MAE    Bias   corr   MDA MDA_com  n_dir SignAcc
            diag3/gaussian   forecast 209     82 3.8418   3.7024        0.979 2.7348 +1.8756 +0.237 0.727   0.695    205   0.641
            diag3/gaussian nowcast M1  64     64 3.2743   3.2743        0.888 2.2331 +1.7266 +0.531 0.700   0.700     60   0.812
            diag3/gaussian nowcast M2  80     80 3.0355   3.0355        0.923 2.0720 +1.7003 +0.646 0.662   0.662     80   0.812
            diag3/gaussian nowcast M3  64     64 2.9619   2.9619        0.900 2.0170 +1.7503 +0.693 0.625   0.625     64   0.812
            diag3/gaussian   backcast  65     65 2.8729   2.8729        0.877 1.8834 +1.6133 +0.710 0.721   0.721     61   0.815
        diag3/gaussian_ar1   forecast 209     82 4.1724   3.9736        1.063 3.0503 +1.2272 +0.214 0.693   0.720    205   0.641
        diag3/gaussian_ar1 nowcast M1  64     64 3.3145   3.3145        0.898 2.2627 +0.9956 +0.503 0.800   0.800     60   0.750
        diag3/gaussian_ar1 nowcast M2  80     80 3.0025   3.0025        0.913 2.2461 +1.0711 +0.632 0.675   0.675     80   0.838
        diag3/gaussian_ar1 nowcast M3  64     64 2.7906   2.7906        0.848 2.1191 +1.0637 +0.695 0.750   0.750     64   0.875
        diag3/gaussian_ar1   backcast  65     65 2.5236   2.5236        0.771 1.8747 +0.9085 +0.739 0.852   0.852     61   0.877
           diag3/student_t   forecast 209     82 3.7868   3.6624        0.965 2.5973 +1.9876 +0.261 0.732   0.720    205   0.641
           diag3/student_t nowcast M1  64     64 3.3183   3.3183        0.899 2.1257 +1.8316 +0.552 0.800   0.800     60   0.812
           diag3/student_t nowcast M2  80     80 3.1439   3.1439        0.956 2.0473 +1.8047 +0.644 0.688   0.688     80   0.812
           diag3/student_t nowcast M3  64     64 3.0688   3.0688        0.933 2.0165 +1.8457 +0.704 0.641   0.641     64   0.812
           diag3/student_t   backcast  65     65 2.9810   2.9810        0.911 1.8983 +1.7114 +0.728 0.721   0.721     61   0.815
       diag3/student_t_ar1   forecast 209     82 3.9904   3.8483        1.017 2.9328 +1.3806 +0.243 0.712   0.732    205   0.641
       diag3/student_t_ar1 nowcast M1  64     64 3.2931   3.2931        0.893 2.2886 +1.1485 +0.502 0.800   0.800     60   0.750
       diag3/student_t_ar1 nowcast M2  80     80 3.0042   3.0042        0.913 2.1972 +1.1840 +0.625 0.700   0.700     80   0.850
       diag3/student_t_ar1 nowcast M3  64     64 2.8745   2.8745        0.874 2.1262 +1.1127 +0.676 0.750   0.750     64   0.875
       diag3/student_t_ar1   backcast  65     65 2.6485   2.6485        0.809 1.9002 +0.9845 +0.709 0.787   0.787     61   0.877
diag3/student_t_ar1_shared   forecast 209     82 3.8297   3.6685        0.976 2.7160 +1.5748 +0.204 0.693   0.659    205   0.651
diag3/student_t_ar1_shared nowcast M1  64     64 3.2252   3.2252        0.874 2.1861 +1.3555 +0.477 0.717   0.717     60   0.750
diag3/student_t_ar1_shared nowcast M2  80     80 2.9250   2.9250        0.889 2.0166 +1.3132 +0.615 0.750   0.750     80   0.812
diag3/student_t_ar1_shared nowcast M3  64     64 2.7711   2.7711        0.842 1.8729 +1.2931 +0.670 0.750   0.750     64   0.875
diag3/student_t_ar1_shared   backcast  65     65 2.6608   2.6608        0.813 1.7660 +1.1789 +0.695 0.787   0.787     61   0.877
                       ar2   forecast 209     82 3.9240   3.7891        1.000 2.6955 +1.4806 +0.006 0.702   0.695    205   0.584
                       ar2 nowcast M1  64     64 3.6891   3.6891        1.000 2.3980 +1.1772 +0.119 0.667   0.667     60   0.688
                       ar2 nowcast M2  80     80 3.2901   3.2901        1.000 2.1422 +1.0048 +0.370 0.750   0.750     80   0.750
                       ar2 nowcast M3  64     64 3.2901   3.2901        1.000 2.1422 +1.0048 +0.370 0.750   0.750     64   0.750
                       ar2   backcast  65     65 3.2740   3.2740        1.000 2.1435 +0.8569 +0.365 0.787   0.787     61   0.754
                      mean   forecast 209     82 4.1533   4.1193        1.058 2.8377 +2.4506 -0.316 0.702   0.695    205   0.622
                      mean nowcast M1  64     64 4.0725   4.0725        1.104 2.7168 +2.3268 -0.322 0.667   0.667     60   0.688
                      mean nowcast M2  80     80 4.0418   4.0418        1.228 2.6937 +2.3023 -0.203 0.750   0.750     80   0.688
                      mean nowcast M3  64     64 4.0418   4.0418        1.228 2.6937 +2.3023 -0.203 0.750   0.750     64   0.688
                      mean   backcast  65     65 4.0087   4.0087        1.224 2.6404 +2.2172 -0.110 0.738   0.738     61   0.692

--- 2019-2021 ---
                    metodo       fase   n  n_com    RMSE RMSE_com RMSE_rel_ar2     MAE    Bias   corr   MDA MDA_com  n_dir SignAcc
            diag3/gaussian   forecast 157     42 13.8370  14.6311        0.947  7.7483 +0.0436 -0.283 0.701   0.929    157   0.694
            diag3/gaussian nowcast M1  48     43 12.9585  13.6783        0.875  6.7250 -0.1698 +0.193 0.896   0.977     48   0.833
            diag3/gaussian nowcast M2  60     55 12.4961  13.0451        0.677  6.4323 -0.1478 +0.402 0.817   0.800     60   0.917
            diag3/gaussian nowcast M3  48     40 12.1912  13.3296        0.660  6.2707 -0.2119 +0.507 0.833   0.800     48   0.917
            diag3/gaussian   backcast  49     44 12.3197  12.9779        0.675  6.4553 +0.2540 +0.440 0.755   0.727     49   0.918
        diag3/gaussian_ar1   forecast 157     42 16.3935  20.7304        1.122  8.7957 -1.2948 -0.453 0.662   0.786    157   0.662
        diag3/gaussian_ar1 nowcast M1  48     43 12.7705  13.4219        0.862  7.1353 -0.4744 +0.251 0.708   0.767     48   0.792
        diag3/gaussian_ar1 nowcast M2  60     55  8.2338   8.4896        0.446  5.2180 +1.2436 +0.897 0.717   0.745     60   0.900
        diag3/gaussian_ar1 nowcast M3  48     40  5.2490   5.6869        0.284  3.4320 -0.3319 +0.939 0.792   0.750     48   0.917
        diag3/gaussian_ar1   backcast  49     44  6.2554   6.5554        0.343  4.1496 +0.9134 +0.960 0.673   0.636     49   0.918
           diag3/student_t   forecast 157     42 13.4662  14.1706        0.922  7.5219 -0.2104 -0.229 0.771   0.905    157   0.732
           diag3/student_t nowcast M1  48     43 12.8545  13.5464        0.868  6.8728 -0.4719 +0.389 0.896   0.977     48   0.833
           diag3/student_t nowcast M2  60     55 12.5985  13.1320        0.682  6.7400 -0.5237 +0.530 0.667   0.636     60   0.867
           diag3/student_t nowcast M3  48     40 12.5823  13.7555        0.681  6.7228 -0.5443 +0.536 0.667   0.600     48   0.875
           diag3/student_t   backcast  49     44 12.5097  13.1923        0.685  6.6950 -0.0797 +0.491 0.592   0.545     49   0.837
       diag3/student_t_ar1   forecast 157     42 14.3282  15.4790        0.981  8.1184 +0.5139 -0.244 0.688   0.786    157   0.688
       diag3/student_t_ar1 nowcast M1  48     43 13.0995  13.8326        0.884  7.1534 +0.4333 +0.141 0.708   0.767     48   0.833
       diag3/student_t_ar1 nowcast M2  60     55 11.3792  11.8778        0.616  6.6949 +0.4286 +0.614 0.717   0.691     60   0.917
       diag3/student_t_ar1 nowcast M3  48     40 10.9687  11.9744        0.594  6.3702 +0.4876 +0.695 0.750   0.700     48   0.917
       diag3/student_t_ar1   backcast  49     44 10.9031  11.4655        0.597  6.3883 +0.9182 +0.708 0.673   0.636     49   0.918
diag3/student_t_ar1_shared   forecast 157     42 14.0135  14.9100        0.959  7.9427 +0.5421 -0.196 0.713   0.881    157   0.701
diag3/student_t_ar1_shared nowcast M1  48     43 12.8690  13.5815        0.869  7.0455 +0.5841 +0.220 0.854   0.930     48   0.833
diag3/student_t_ar1_shared nowcast M2  60     55 11.0382  11.5265        0.598  6.2357 +0.4170 +0.752 0.667   0.636     60   0.917
diag3/student_t_ar1_shared nowcast M3  48     40 10.3761  11.3375        0.562  5.8020 +0.5849 +0.846 0.667   0.600     48   0.917
diag3/student_t_ar1_shared   backcast  49     44  9.1794   9.6535        0.503  5.3509 +1.4953 +0.868 0.592   0.545     49   0.918
                       ar2   forecast 157     42 14.6089  15.7840        1.000  9.3956 -1.6570 -0.102 0.720   0.690    157   0.637
                       ar2 nowcast M1  48     43 14.8138  15.5753        1.000  9.2337 -1.8050 -0.101 0.667   0.721     48   0.750
                       ar2 nowcast M2  60     55 18.4686  19.2412        1.000 10.4575 -4.2406 -0.615 0.417   0.455     60   0.667
                       ar2 nowcast M3  48     40 18.4686  20.1761        1.000 10.4575 -4.2406 -0.615 0.417   0.400     48   0.667
                       ar2   backcast  49     44 18.2531  19.2461        1.000 10.1247 -3.7172 -0.630 0.490   0.455     49   0.673
                      mean   forecast 157     42 13.2267  14.0790        0.905  7.6595 -0.6350 -0.183 0.834   0.905    157   0.745
                      mean nowcast M1  48     43 13.2274  13.9021        0.893  7.3961 -0.9547 -0.218 0.833   0.907     48   0.833
                      mean nowcast M2  60     55 13.2644  13.7903        0.718  7.3875 -0.9582 -0.672 0.583   0.636     60   0.833
                      mean nowcast M3  48     40 13.2644  14.4616        0.718  7.3875 -0.9582 -0.672 0.583   0.600     48   0.833
                      mean   backcast  49     44 13.0968  13.8032        0.718  7.1387 -0.4967 -0.675 0.571   0.545     49   0.837

--- 2024-2025 ---
                    metodo       fase   n  n_com   RMSE RMSE_com RMSE_rel_ar2    MAE    Bias   corr   MDA MDA_com  n_dir SignAcc
            diag3/gaussian   forecast 104     39 1.7986   1.8002        1.077 1.5872 -0.7399 +0.116 0.856   0.872    104   0.875
            diag3/gaussian nowcast M1  32     32 1.8610   1.8610        1.044 1.6604 -0.7613 +0.167 0.812   0.812     32   0.875
            diag3/gaussian nowcast M2  40     40 1.9713   1.9713        1.144 1.7425 -0.7079 -0.307 0.750   0.750     40   0.875
            diag3/gaussian nowcast M3  32     32 1.9481   1.9481        1.131 1.7173 -0.7000 -0.275 0.750   0.750     32   0.875
            diag3/gaussian   backcast  32     32 2.0825   2.0825        1.280 1.8828 -1.1219 -0.400 0.750   0.750     32   0.875
        diag3/gaussian_ar1   forecast 104     39 1.7257   1.6651        1.033 1.4230 +0.1818 +0.020 0.894   0.923    104   0.875
        diag3/gaussian_ar1 nowcast M1  32     32 2.1910   2.1910        1.230 1.6557 +0.1908 +0.147 0.906   0.906     32   0.781
        diag3/gaussian_ar1 nowcast M2  40     40 2.5107   2.5107        1.457 1.7689 +0.0156 -0.093 0.750   0.750     40   0.825
        diag3/gaussian_ar1 nowcast M3  32     32 2.0472   2.0472        1.188 1.5708 -0.4075 +0.212 0.750   0.750     32   0.812
        diag3/gaussian_ar1   backcast  32     32 2.1907   2.1907        1.347 1.6555 -0.3163 -0.183 0.750   0.750     32   0.875
           diag3/student_t   forecast 104     39 1.6339   1.6158        0.978 1.3905 -0.2678 +0.259 0.875   0.872    104   0.875
           diag3/student_t nowcast M1  32     32 1.7003   1.7003        0.954 1.5051 -0.1784 +0.229 0.875   0.875     32   0.875
           diag3/student_t nowcast M2  40     40 1.7783   1.7783        1.032 1.5831 -0.1845 -0.283 0.750   0.750     40   0.875
           diag3/student_t nowcast M3  32     32 1.7714   1.7714        1.028 1.5773 -0.1855 -0.261 0.750   0.750     32   0.875
           diag3/student_t   backcast  32     32 1.7787   1.7787        1.094 1.5956 -0.5831 -0.361 0.750   0.750     32   0.875
       diag3/student_t_ar1   forecast 104     39 1.6425   1.6593        0.983 1.4090 -0.4805 +0.323 0.875   0.872    104   0.875
       diag3/student_t_ar1 nowcast M1  32     32 1.6970   1.6970        0.952 1.4394 -0.4216 +0.304 0.875   0.875     32   0.875
       diag3/student_t_ar1 nowcast M2  40     40 1.8967   1.8967        1.101 1.6998 -0.2913 -0.595 0.750   0.750     40   0.875
       diag3/student_t_ar1 nowcast M3  32     32 1.7943   1.7943        1.041 1.6063 -0.2571 -0.064 0.750   0.750     32   0.875
       diag3/student_t_ar1   backcast  32     32 1.8988   1.8988        1.167 1.7055 -0.6086 -0.462 0.750   0.750     32   0.875
diag3/student_t_ar1_shared   forecast 104     39 1.6279   1.6412        0.975 1.3752 -0.1416 +0.170 0.875   0.872    104   0.875
diag3/student_t_ar1_shared nowcast M1  32     32 1.7890   1.7890        1.004 1.5604 -0.0500 -0.128 0.875   0.875     32   0.875
diag3/student_t_ar1_shared nowcast M2  40     40 1.8683   1.8683        1.084 1.6293 -0.0940 -0.292 0.750   0.750     40   0.875
diag3/student_t_ar1_shared nowcast M3  32     32 1.8632   1.8632        1.081 1.6388 -0.1151 -0.312 0.750   0.750     32   0.875
diag3/student_t_ar1_shared   backcast  32     32 1.9084   1.9084        1.173 1.7009 -0.4122 -0.593 0.750   0.750     32   0.875
                       ar2   forecast 104     39 1.6704   1.6110        1.000 1.4243 +0.2693 -0.286 0.875   0.872    104   0.875
                       ar2 nowcast M1  32     32 1.7820   1.7820        1.000 1.5860 +0.4265 -0.534 0.875   0.875     32   0.875
                       ar2 nowcast M2  40     40 1.7231   1.7231        1.000 1.4845 +0.4357 +0.315 0.750   0.750     40   0.875
                       ar2 nowcast M3  32     32 1.7231   1.7231        1.000 1.4845 +0.4357 +0.315 0.750   0.750     32   0.875
                       ar2   backcast  32     32 1.6265   1.6265        1.000 1.3750 +0.0659 +0.055 0.750   0.750     32   0.875
                      mean   forecast 104     39 1.6665   1.6054        0.998 1.4198 +0.2708 -0.019 0.875   0.872    104   0.875
                      mean nowcast M1  32     32 1.7750   1.7750        0.996 1.5785 +0.4270 -0.297 0.875   0.875     32   0.875
                      mean nowcast M2  40     40 1.7777   1.7777        1.032 1.5828 +0.4265 -0.635 0.750   0.750     40   0.875
                      mean nowcast M3  32     32 1.7777   1.7777        1.032 1.5828 +0.4265 -0.635 0.750   0.750     32   0.875
                      mean   backcast  32     32 1.6296   1.6296        1.002 1.4108 +0.0599 -0.602 0.750   0.750     32   0.875
